LOGGING SOLUTIONS... 
t_sol: 0.43533809107482074
r: [0.00000000e+00 0.00000000e+00 7.54445142e-01 1.66001275e+00
 2.47549256e+00 3.19976114e+00 3.83282679e+00 4.37323373e+00
 4.82015970e+00 5.17282722e+00 5.43034621e+00 5.59250619e+00
 5.65849070e+00 5.62735597e+00 5.49795297e+00 5.26921256e+00
 4.94013276e+00 4.50958769e+00 3.97644686e+00 3.34036532e+00
 2.60067638e+00 1.75627065e+00 8.05983327e-01 9.57798678e-04
 0.00000000e+00]
alpha: [-23.45       -23.45       -23.45000002 -23.45000021 -23.45000098
 -23.45000232 -23.45000373 -23.45000471 -23.45000521 -23.45000525
 -23.45000489 -23.45000455 -23.45000414 -23.45000365 -23.45000309
 -23.45000245 -23.45000175 -23.45000101 -23.45000051 -23.45000015
 -23.44999991 -23.4499998  -23.44999984 -23.44999999 -23.45      ]
beta: [-2.94       -2.94       -2.94       -2.93999998 -2.9399999  -2.93999979
 -2.93999968 -2.93999951 -2.34000667 -2.34000628 -2.34000576 -2.34000526
 -2.34000471 -2.34000411 -2.34000345 -2.34000274 -2.34000195 -2.34000113
 -2.34000058 -2.3400002  -2.33999996 -2.33999986 -2.33999988 -2.33999999
 -2.34      ]
Vx: [-4.89143788e-15  7.35352638e-01  2.18181948e+00  1.97772992e+00
  1.76821629e+00  1.55922559e+00  1.34857240e+00  1.13384152e+00
  9.19117980e-01  7.00688194e-01  4.82309933e-01  2.62415250e-01
  4.03589204e-02 -1.83862373e-01 -4.11038908e-01 -6.40185710e-01
 -8.72099753e-01 -1.10641052e+00 -1.34290529e+00 -1.57959116e+00
 -1.81909518e+00 -2.06067301e+00 -2.30545634e+00 -8.12806972e-01
  4.82727386e-14]
Vy: [ 0.00000000e+00 -1.30724126e-04 -9.31084674e-03 -5.45027272e-02
 -1.58594209e-01 -2.01650952e-01 -1.78043560e-01 -9.43087679e-02
 -4.64194764e-02  3.41958153e-02  5.52257116e-02  4.33349125e-02
  6.99725883e-02  6.63828646e-02  9.02528104e-02  8.70937486e-02
  1.07673240e-01  8.96945017e-02  5.37460694e-02  4.77633204e-02
  1.81511606e-02  1.14167729e-02 -2.26816663e-02 -8.92566237e-03
  5.79026429e-24]
Vz: [-1.17227002e-23  3.72704736e-06  8.05624930e-04  6.51988623e-03
  1.44452105e-02  1.49318664e-02  1.72157949e-02  3.00386000e-02
  4.11471530e-02  6.64305959e-02  7.42838979e-02  6.86390429e-02
  8.43131917e-02  8.18155496e-02  1.01269640e-01  9.82680782e-02
  1.21033376e-01  9.89431196e-02  5.72097762e-02  5.00517853e-02
  1.72935790e-02  1.08948606e-02 -1.68961243e-02 -6.86091038e-03
 -6.44243380e-21]
m: [4000.         3991.62825467 3980.74987149 3975.74313525 3970.75112541
 3965.77445991 3960.81152353 3955.86128609 3950.92318833 3945.99834402
 3941.08731385 3936.18862636 3931.30260619 3926.43140464 3921.57539935
 3916.73344759 3911.90596043 3907.09255587 3902.29023362 3897.49819983
 3892.71947965 3887.95615346 3883.2074166  3872.46475621 3864.09301089]
phi: [90.         90.006373   90.67943634 93.52281714 93.52281714 90.39301548
 87.26321383 87.26321383 87.26321383 87.26321383 90.53552029 89.45444585
 89.45444585 89.45444585 89.45444585 89.45444585 89.45444585 92.46058234
 91.11333793 91.11333793 91.11333793 91.11333793 91.11333793 89.46832374
 90.        ]
psi: [ 0.         -2.17669046 -6.53007137 -6.53007137 -2.17669046  2.17669046
  6.53007137 10.88345228 15.23683319 19.5902141  23.94359501 28.29697592
 32.65035683 37.00373774 41.35711865 45.71049956 50.06388047 50.06388047
 50.06388047 50.06388047 45.71049956 41.35711865 37.00373774 37.00373774
 39.1804282 ]
T: [    0.         43148.         12919.21885532 12885.51445153
 12843.31892202 12806.42967003 12772.55900744 12740.97931067
 12709.99104925 12672.67099515 12638.79293308 12609.05677945
 12573.50553303 12532.68153832 12495.18397707 12460.24962192
 12420.63338558 12387.66785286 12363.51510596 12334.64117282
 12294.89662193 12255.30056505 12219.70317203 43148.
     0.        ]
w_phi: [  0.           0.02927838   3.06286243  10.         -10.
  -4.37871719 -10.          10.         -10.          10.
   5.03340289 -10.          10.         -10.          10.
 -10.          10.           3.81058335 -10.          10.
 -10.          10.         -10.           2.44259014   0.        ]
w_psi: [  0. -10. -10.  10.  10.  10.  10.  10.  10.  10.  10.  10.  10.  10.
  10.  10.  10. -10.  10. -10. -10. -10. -10.  10.   0.]
LOGGING INITIAL GUESSES...
Time Initial Guess: 0.25
State Initial Guess: [[ 3.47480000e+06 -4.09279710e-01 -5.13126800e-02  0.00000000e+00
   0.00000000e+00  0.00000000e+00  4.00000000e+03  9.00000000e+01
   0.00000000e+00]
 [ 3.47485000e+06 -4.09308798e-01 -5.08763477e-02  2.50000000e+01
   0.00000000e+00  1.25000000e+01  3.98333333e+03  8.99632536e+01
   0.00000000e+00]
 [ 3.47490000e+06 -4.09337887e-01 -5.04400154e-02  5.00000000e+01
   0.00000000e+00  2.50000000e+01  3.96666667e+03  8.60766847e+01
   0.00000000e+00]
 [ 3.47495000e+06 -4.09366976e-01 -5.00036831e-02  7.50000000e+01
   0.00000000e+00  3.75000000e+01  3.95000000e+03  7.93079285e+01
   0.00000000e+00]
 [ 3.47500000e+06 -4.09396065e-01 -4.95673508e-02  1.00000000e+02
   0.00000000e+00  5.00000000e+01  3.93333333e+03  7.89054816e+01
   0.00000000e+00]
 [ 3.47505000e+06 -4.09425154e-01 -4.91310184e-02  1.00000000e+02
   0.00000000e+00  6.25000000e+01  3.91666667e+03  8.49536094e+01
   0.00000000e+00]
 [ 3.47510000e+06 -4.09454243e-01 -4.86946861e-02  8.57142857e+01
   0.00000000e+00  7.50000000e+01  3.90000000e+03  9.25385759e+01
   0.00000000e+00]
 [ 3.47515000e+06 -4.09483331e-01 -4.82583538e-02  7.14285714e+01
   0.00000000e+00  8.75000000e+01  3.88333333e+03  9.84178575e+01
   0.00000000e+00]
 [ 3.47520000e+06 -4.09512420e-01 -4.78220215e-02  5.71428571e+01
   0.00000000e+00  1.00000000e+02  3.86666667e+03  1.01509605e+02
   0.00000000e+00]
 [ 3.47525000e+06 -4.09541509e-01 -4.73856892e-02  4.28571429e+01
   0.00000000e+00  1.12500000e+02  3.85000000e+03  1.05124763e+02
   0.00000000e+00]
 [ 3.47530000e+06 -4.09570598e-01 -4.69493569e-02  2.85714286e+01
   0.00000000e+00  1.25000000e+02  3.83333333e+03  1.08729262e+02
   0.00000000e+00]
 [ 3.47535000e+06 -4.09599687e-01 -4.65130246e-02  1.42857143e+01
   0.00000000e+00  1.37500000e+02  3.81666667e+03  1.10598165e+02
   0.00000000e+00]
 [ 3.47540000e+06 -4.09628775e-01 -4.60766923e-02  0.00000000e+00
   0.00000000e+00  1.50000000e+02  3.80000000e+03  1.09025405e+02
   0.00000000e+00]
 [ 3.47540000e+06 -4.09454243e-01 -4.56403599e-02 -1.42857143e+01
   0.00000000e+00  1.40000000e+02  3.78333333e+03  1.04819330e+02
   0.00000000e+00]
 [ 3.47534545e+06 -4.09438376e-01 -4.52040276e-02 -2.85714286e+01
   0.00000000e+00  1.27272727e+02  3.76666667e+03  1.00791894e+02
   0.00000000e+00]
 [ 3.47529091e+06 -4.09422509e-01 -4.47676953e-02 -4.28571429e+01
   0.00000000e+00  1.14545455e+02  3.75000000e+03  9.56870959e+01
   0.00000000e+00]
 [ 3.47523636e+06 -4.09406643e-01 -4.43313630e-02 -5.71428571e+01
   0.00000000e+00  1.01818182e+02  3.73333333e+03  8.98918919e+01
   0.00000000e+00]
 [ 3.47518182e+06 -4.09390776e-01 -4.38950307e-02 -7.14285714e+01
   0.00000000e+00  8.90909091e+01  3.71666667e+03  8.46081008e+01
   0.00000000e+00]
 [ 3.47512727e+06 -4.09374909e-01 -4.34586984e-02 -8.57142857e+01
   0.00000000e+00  7.63636364e+01  3.70000000e+03  7.83967236e+01
   0.00000000e+00]
 [ 3.47507273e+06 -4.09359043e-01 -4.30223661e-02 -1.00000000e+02
   0.00000000e+00  6.36363636e+01  3.68333333e+03  7.17405022e+01
   0.00000000e+00]
 [ 3.47501818e+06 -4.09343176e-01 -4.25860337e-02 -1.00000000e+02
   0.00000000e+00  5.09090909e+01  3.66666667e+03  6.97369742e+01
   0.00000000e+00]
 [ 3.47496364e+06 -4.09327309e-01 -4.21497014e-02 -7.50000000e+01
   0.00000000e+00  3.81818182e+01  3.65000000e+03  7.43774824e+01
   0.00000000e+00]
 [ 3.47490909e+06 -4.09311443e-01 -4.17133691e-02 -5.00000000e+01
   0.00000000e+00  2.54545455e+01  3.63333333e+03  8.05421714e+01
   0.00000000e+00]
 [ 3.47485455e+06 -4.09295576e-01 -4.12770368e-02 -2.50000000e+01
   0.00000000e+00  1.27272727e+01  3.61666667e+03  8.65465811e+01
   0.00000000e+00]
 [ 3.47480000e+06 -4.09279710e-01 -4.08407045e-02  0.00000000e+00
   0.00000000e+00  0.00000000e+00  3.60000000e+03  9.00000000e+01
   0.00000000e+00]]
Input Initial Guess: [[ 2.47497431e+04  7.34172428e-02  8.21980872e-02]
 [ 2.00584211e+04  5.16681207e-02 -1.55933205e-02]
 [ 3.51186596e+04  1.50240706e-01 -3.68609013e-02]
 [ 7.26576779e+03  1.68710006e-02  1.56951188e-01]
 [ 3.33717932e+04 -1.11682281e-01  4.51747437e-02]
 [ 3.91204579e+04 -8.09794577e-02 -1.11763918e-01]
 [ 9.14007385e+03  1.14301854e-01 -9.31586656e-02]
 [ 1.01422607e+04  1.57973463e-03  1.18385080e-01]
 [ 3.40257816e+04 -1.16218500e-01 -9.65134604e-02]
 [ 2.91582493e+04 -3.69854789e-02 -1.60524648e-01]
 [ 4.27407599e+04  7.96638385e-02  4.27500560e-02]
 [ 3.10892440e+04  1.47697325e-01 -1.28834996e-01]
 [ 3.99249358e+04 -1.20102554e-01 -1.11616912e-01]
 [ 2.89626621e+04 -1.32586460e-01  1.52479111e-01]
 [ 2.77813585e+04 -9.28326511e-02  4.50741077e-02]
 [ 4.67989795e+03  1.60237169e-01 -1.67018471e-01]
 [ 4.03378146e+04 -4.05741614e-02 -4.73218537e-02]
 [ 3.08606364e+04  1.57777929e-01 -3.01501814e-02]
 [ 2.79414891e+04 -1.44219414e-01  6.47155438e-02]
 [ 4.16040309e+04 -4.55749781e-02 -6.44746649e-02]
 [ 1.11809947e+04 -9.23088404e-02 -1.24600714e-01]
 [ 2.85625524e+04 -1.85647856e-02  1.00931645e-01]
 [ 5.48155888e+03  1.44873466e-01  4.52025911e-02]
 [ 2.72331233e+04 -5.60277502e-02 -1.23613437e-01]
 [ 1.15208886e+04 -1.17576008e-01  9.36187442e-02]]