LOGGING SOLUTIONS... 
t_sol: 1.0498490699096168
r: [0.         0.         0.00438657 0.00953851 0.01404796 0.01793895
 0.02123628 0.02396554 0.02615176 0.02782152 0.02900207 0.02972021
 0.03       0.02985308 0.029262   0.02819625 0.02662399 0.02451123
 0.0218239  0.01852539 0.01458067 0.0099557  0.0046142  0.
 0.        ]
alpha: [-23.45       -23.45       -23.44999759 -23.44999764 -23.44999771
 -23.44999781 -23.44999793 -23.44999806 -23.44999821 -23.44999836
 -23.44999852 -23.44999866 -23.4499988  -23.44999894 -23.44999907
 -23.4499992  -23.44999932 -23.44999944 -23.44999955 -23.44999966
 -23.44999977 -23.44999987 -23.44999995 -23.45       -23.45      ]
beta: [-2.94       -2.3400011  -2.3400011  -2.34000108 -2.34000106 -2.34000102
 -2.34000097 -2.34000091 -2.34000084 -2.34000078 -2.34000071 -2.34000065
 -2.34000058 -2.34000051 -2.34000044 -2.34000037 -2.34000031 -2.34000024
 -2.34000018 -2.34000013 -2.34000008 -2.34000004 -2.34000001 -2.34
 -2.34      ]
Vx: [ 2.31222831e-23  1.78176496e+00  5.22105517e+00  4.59749101e+00
  3.99693833e+00  3.41946289e+00  2.86621323e+00  2.33697700e+00
  1.83213140e+00  1.35316283e+00  9.00125440e-01  4.71948641e-01
  6.37118419e-02 -3.47131415e-01 -7.84051748e-01 -1.25114529e+00
 -1.74962858e+00 -2.28046985e+00 -2.84502840e+00 -3.44426822e+00
 -4.07579807e+00 -4.74090648e+00 -5.44029339e+00 -1.93989306e+00
 -4.47040671e-14]
Vy: [ 0.         -0.00037396 -0.00213431 -0.00364852 -0.00499507 -0.00625272
 -0.00734652 -0.00819107 -0.00871148 -0.00888264 -0.00870835 -0.0083274
 -0.00797278 -0.00767355 -0.00740953 -0.00717141 -0.00693989 -0.00671436
 -0.00653327 -0.00634663 -0.00595165 -0.0052132  -0.0041811  -0.00091512
  0.        ]
Vz: [6.32833966e-14 2.57595252e-05 3.49688213e-04 9.35960975e-04
 1.75160311e-03 2.70963961e-03 3.34861777e-03 3.65400178e-03
 3.74228968e-03 3.74337019e-03 3.78533052e-03 3.91679895e-03
 3.99333123e-03 4.00170820e-03 3.96013651e-03 3.87573257e-03
 3.74138409e-03 3.54847740e-03 3.32469071e-03 3.02637978e-03
 2.54731132e-03 1.92031649e-03 1.33262907e-03 2.10582580e-04
 0.00000000e+00]
m: [4000.         3979.81093494 3953.87770604 3942.36494873 3930.80508534
 3919.19849766 3907.5418005  3895.83638294 3884.08158522 3872.272936
 3860.41095646 3848.50003003 3836.55766226 3824.66123906 3812.89033153
 3801.25788603 3789.76696492 3778.41975933 3767.21974983 3756.16905544
 3745.25857282 3734.49155669 3723.86927435 3699.40229218 3680.21165947]
phi: [90.         90.00756114 90.02381207 90.02910381 90.02743725 90.02533022
 90.0184409  90.01210804 90.00587755 89.99982531 89.99450178 89.99323269
 89.99467287 89.99537677 89.99572849 89.99571962 89.99513951 89.9949699
 89.99491621 89.99212125 89.98546901 89.98160312 89.97248054 89.98152431
 90.        ]
psi: [  0.          -5.24924535 -15.74773605 -26.24622675 -36.00807373
 -35.27143001 -24.77293931 -14.27444861  -3.77595791   6.72253279
  17.22102349  17.22102349   6.72253279  -3.77595791 -14.27444861
 -24.77293931 -35.27143001 -45.7699207  -56.2684114  -56.2684114
 -45.7699207  -35.27143001 -24.77293931 -14.27444861  -9.02520326]
T: [    0.         43148.         12276.40707311 12328.61802304
 12377.08202145 12428.47702113 12484.17580253 12532.60211992
 12589.71090578 12647.69335068 12703.68827518 12752.30248278
 12770.88459337 12654.10991931 12502.63293287 12358.18934791
 12200.16748097 12051.04105683 11885.58049299 11731.9253299
 11585.92036472 11425.30925289 11276.59581486 41014.15383951
     0.        ]
w_phi: [ 0.          0.01440425  0.01655434 -0.00647338  0.00329852 -0.00731249
 -0.00581191 -0.00625241 -0.00561691 -0.00591282 -0.00422869  0.00181103
  0.00093255  0.00040841  0.00026162 -0.00027852 -0.0008266   0.00050348
 -0.00060575 -0.00471875 -0.007954    0.00058933 -0.01796816  0.03519685
  0.        ]
w_psi: [  0.         -10.         -10.         -10.          -8.59666738
  10.          10.          10.          10.          10.
  10.         -10.         -10.         -10.         -10.
 -10.         -10.         -10.         -10.          10.
  10.          10.          10.          10.           0.        ]
LOGGING INITIAL GUESSES...
Time Initial Guess: 1
State Initial Guess: [[ 3.47480000e+06 -4.09279710e-01 -5.13126800e-02  0.00000000e+00
   0.00000000e+00  0.00000000e+00  4.00000000e+03  1.57079633e+00
   0.00000000e+00]
 [ 3.47480050e+06 -4.09308798e-01 -5.08763477e-02  2.50000000e+01
   0.00000000e+00  1.25000000e+01  3.99470833e+03  1.57079633e+00
   0.00000000e+00]
 [ 3.47480100e+06 -4.09337887e-01 -5.04400154e-02  5.00000000e+01
   0.00000000e+00  2.50000000e+01  3.98941667e+03  1.57079633e+00
   0.00000000e+00]
 [ 3.47480150e+06 -4.09366976e-01 -5.00036831e-02  7.50000000e+01
   0.00000000e+00  3.75000000e+01  3.98412500e+03  1.57079633e+00
   0.00000000e+00]
 [ 3.47480200e+06 -4.09396065e-01 -4.95673508e-02  1.00000000e+02
   0.00000000e+00  5.00000000e+01  3.97883333e+03  1.57079633e+00
   0.00000000e+00]
 [ 3.47480250e+06 -4.09425154e-01 -4.91310184e-02  1.00000000e+02
   0.00000000e+00  6.25000000e+01  3.97354167e+03  1.57079633e+00
   0.00000000e+00]
 [ 3.47480300e+06 -4.09454243e-01 -4.86946861e-02  8.57142857e+01
   0.00000000e+00  7.50000000e+01  3.96825000e+03  1.57079633e+00
   0.00000000e+00]
 [ 3.47480350e+06 -4.09483331e-01 -4.82583538e-02  7.14285714e+01
   0.00000000e+00  8.75000000e+01  3.96295833e+03  1.57079633e+00
   0.00000000e+00]
 [ 3.47480400e+06 -4.09512420e-01 -4.78220215e-02  5.71428571e+01
   0.00000000e+00  1.00000000e+02  3.95766667e+03  1.57079633e+00
   0.00000000e+00]
 [ 3.47480450e+06 -4.09541509e-01 -4.73856892e-02  4.28571429e+01
   0.00000000e+00  1.12500000e+02  3.95237500e+03  1.57079633e+00
   0.00000000e+00]
 [ 3.47480500e+06 -4.09570598e-01 -4.69493569e-02  2.85714286e+01
   0.00000000e+00  1.25000000e+02  3.94708333e+03  1.57079633e+00
   0.00000000e+00]
 [ 3.47480550e+06 -4.09599687e-01 -4.65130246e-02  1.42857143e+01
   0.00000000e+00  1.37500000e+02  3.94179167e+03  1.57079633e+00
   0.00000000e+00]
 [ 3.47480600e+06 -4.09628775e-01 -4.60766923e-02  0.00000000e+00
   0.00000000e+00  1.50000000e+02  3.93650000e+03  1.57079633e+00
   0.00000000e+00]
 [ 3.47480500e+06 -4.09454243e-01 -4.56403599e-02 -1.42857143e+01
   0.00000000e+00  1.40000000e+02  3.93120833e+03  1.57079633e+00
   0.00000000e+00]
 [ 3.47480455e+06 -4.09438376e-01 -4.52040276e-02 -2.85714286e+01
   0.00000000e+00  1.27272727e+02  3.92591667e+03  1.57079633e+00
   0.00000000e+00]
 [ 3.47480409e+06 -4.09422509e-01 -4.47676953e-02 -4.28571429e+01
   0.00000000e+00  1.14545455e+02  3.92062500e+03  1.57079633e+00
   0.00000000e+00]
 [ 3.47480364e+06 -4.09406643e-01 -4.43313630e-02 -5.71428571e+01
   0.00000000e+00  1.01818182e+02  3.91533333e+03  1.57079633e+00
   0.00000000e+00]
 [ 3.47480318e+06 -4.09390776e-01 -4.38950307e-02 -7.14285714e+01
   0.00000000e+00  8.90909091e+01  3.91004167e+03  1.57079633e+00
   0.00000000e+00]
 [ 3.47480273e+06 -4.09374909e-01 -4.34586984e-02 -8.57142857e+01
   0.00000000e+00  7.63636364e+01  3.90475000e+03  1.57079633e+00
   0.00000000e+00]
 [ 3.47480227e+06 -4.09359043e-01 -4.30223661e-02 -1.00000000e+02
   0.00000000e+00  6.36363636e+01  3.89945833e+03  1.57079633e+00
   0.00000000e+00]
 [ 3.47480182e+06 -4.09343176e-01 -4.25860337e-02 -1.00000000e+02
   0.00000000e+00  5.09090909e+01  3.89416667e+03  1.57079633e+00
   0.00000000e+00]
 [ 3.47480136e+06 -4.09327309e-01 -4.21497014e-02 -7.50000000e+01
   0.00000000e+00  3.81818182e+01  3.88887500e+03  1.57079633e+00
   0.00000000e+00]
 [ 3.47480091e+06 -4.09311443e-01 -4.17133691e-02 -5.00000000e+01
   0.00000000e+00  2.54545455e+01  3.88358333e+03  1.57079633e+00
   0.00000000e+00]
 [ 3.47480045e+06 -4.09295576e-01 -4.12770368e-02 -2.50000000e+01
   0.00000000e+00  1.27272727e+01  3.87829167e+03  1.57079633e+00
   0.00000000e+00]
 [ 3.47480000e+06 -4.09279710e-01 -4.08407045e-02  0.00000000e+00
   0.00000000e+00  0.00000000e+00  3.87300000e+03  1.57079633e+00
   0.00000000e+00]]
Input Initial Guess: [[ 1.38876507e+04  1.01419761e-01 -1.45786422e-01]
 [ 3.66720601e+04 -1.37521065e-02 -9.24112771e-02]
 [ 6.82021315e+03  1.53701025e-01 -1.61743035e-01]
 [ 3.90406175e+04 -1.74472388e-01  1.36617866e-01]
 [ 3.20283296e+04 -6.26007955e-02 -1.23989315e-02]
 [ 2.50189716e+04  8.30407219e-02 -1.50151373e-01]
 [ 1.52022527e+04  1.21825204e-01  4.85037540e-02]
 [ 2.03918225e+04 -9.08846518e-02  1.47385737e-01]
 [ 2.58571711e+04  6.21928301e-02 -9.74725404e-02]
 [ 4.16150723e+04 -1.90511772e-02  1.00085396e-01]
 [ 1.51382611e+04 -1.74123244e-01  6.65066075e-02]
 [ 1.24045367e+04 -1.63635718e-01 -9.39157530e-02]
 [ 2.88867935e+04  1.29027448e-01 -2.18765409e-03]
 [ 1.88463885e+04 -1.10688581e-01  4.80614472e-02]
 [ 1.94749216e+04 -1.31526472e-01  4.42749084e-03]
 [ 3.92335912e+04  1.33372719e-01  5.64152657e-03]
 [ 5.69263340e+03  1.58715701e-01 -8.50485246e-02]
 [ 4.09997026e+04  3.64749790e-02  1.06534533e-01]
 [ 1.64271107e+04  5.10477920e-02  5.26446531e-02]
 [ 6.36700069e+03  1.09944356e-01 -1.45690507e-01]
 [ 3.88277455e+04 -8.12043085e-02 -1.46923963e-01]
 [ 3.35794221e+04  5.82434213e-02 -8.55753821e-02]
 [ 2.83234161e+04  7.62110678e-02  1.03018083e-01]
 [ 2.78702889e+04 -6.94413824e-02 -2.19928288e-02]
 [ 3.00627036e+04 -3.54847090e-02 -1.42736278e-01]]