LOGGING SOLUTIONS... 
t_sol: 2.184400579714833
r: [0.         0.         0.01722703 0.02738709 0.03       0.03
 0.02964486 0.02954157 0.02969279 0.03       0.03       0.02764179
 0.01741838 0.         0.        ]
alpha: [-23.45       -23.45000717 -23.45000705 -23.45000682 -23.45000644
 -23.45000593 -23.45000531 -23.45000461 -23.45000385 -23.45000298
 -23.45000207 -23.45000115 -23.45000043 -23.45000002 -23.45      ]
beta: [-2.94       -2.38285553 -2.38285555 -2.38285559 -2.38285568 -2.38285581
 -2.38285596 -2.38285614 -2.38285633 -2.38285653 -2.38285672 -2.38285691
 -2.38285705 -2.38285714 -2.34      ]
Vx: [ 0.          3.96886818  7.8350365   2.33707285  0.35846619 -0.18279069
 -0.11578584  0.01616788  0.11693336  0.14561961 -0.2780722  -2.27294471
 -7.90917339 -4.01939774  0.        ]
Vy: [0.         0.00095341 0.00510716 0.00818527 0.01266423 0.01572734
 0.01844287 0.02027313 0.02231955 0.02526411 0.02535721 0.02407427
 0.01709069 0.00348565 0.        ]
Vz: [ 0.00000000e+00 -4.74550061e-05 -6.70089606e-04 -1.93554942e-03
 -3.01932093e-03 -3.94635283e-03 -4.65501662e-03 -5.18546782e-03
 -5.47372418e-03 -5.28667014e-03 -5.31513000e-03 -4.93413460e-03
 -3.59029342e-03 -7.76145880e-04  0.00000000e+00]
m: [4000.         3957.99300424 3915.98600849 3906.89949682 3885.62551245
 3859.51934028 3831.51060813 3803.48493398 3775.76922029 3748.4962986
 3722.92129144 3702.70279789 3694.56646203 3655.27832548 3615.99018893]
phi: [90.         89.99078604 89.94397296 89.93460974 89.97043682 89.97849478
 89.98347516 89.98876814 89.97823635 89.99247804 89.98704759 90.10601945
 90.16183177 90.03384445 90.        ]
psi: [  0.          -3.79117843 -18.50435977 -18.50435977 -13.99526947
 -16.33293049 -15.29427537 -14.89705774  -0.54124077  -0.54124077
 -19.53981378 -16.69438099  -9.02660888 -12.49845355 -12.71606744]
T: [    0.         43148.             0.          9333.32171173
 12518.51180161 14296.76257015 14472.7495831  14314.16474795
 14154.36990435 13859.34552611 12410.33620156  8357.33699402
     0.         40355.29047824     0.        ]
w_phi: [ 0.         -0.00843614 -0.03442512  0.02585232  0.00695034  0.00042739
  0.00413256  0.0007136  -0.01035633  0.02339578 -0.02836781  0.13729643
 -0.08619561 -0.0309874   0.        ]
w_psi: [  0.          -3.47113847 -10.          10.          -5.87155365
   3.731231    -2.78025604   3.14394174  10.         -10.
  -7.39477015  10.          -2.97951833  -0.19924358   0.        ]
LOGGING INITIAL GUESSES...
Time Initial Guess: 1
State Initial Guess: [[ 3.47480000e+06 -4.09279710e-01 -5.13126800e-02  0.00000000e+00
   0.00000000e+00  0.00000000e+00  4.00000000e+03  1.57079633e+00
   0.00000000e+00]
 [ 3.47480086e+06 -4.09329576e-01 -5.05646818e-02  5.00000000e+01
   0.00000000e+00  2.14285714e+01  3.98664017e+03  1.57079633e+00
   0.00000000e+00]
 [ 3.47480171e+06 -4.09379443e-01 -4.98166835e-02  1.00000000e+02
   0.00000000e+00  4.28571429e+01  3.97328034e+03  1.57079633e+00
   0.00000000e+00]
 [ 3.47480257e+06 -4.09429309e-01 -4.90686853e-02  1.00000000e+02
   0.00000000e+00  6.42857143e+01  3.96819988e+03  1.57079633e+00
   0.00000000e+00]
 [ 3.47480343e+06 -4.09479176e-01 -4.83206870e-02  7.50000000e+01
   0.00000000e+00  8.57142857e+01  3.95826536e+03  1.57079633e+00
   0.00000000e+00]
 [ 3.47480429e+06 -4.09529042e-01 -4.75726888e-02  5.00000000e+01
   0.00000000e+00  1.07142857e+02  3.94878736e+03  1.57079633e+00
   0.00000000e+00]
 [ 3.47480514e+06 -4.09578909e-01 -4.68246905e-02  2.50000000e+01
   0.00000000e+00  1.28571429e+02  3.93976619e+03  1.57079633e+00
   0.00000000e+00]
 [ 3.47480600e+06 -4.09628775e-01 -4.60766923e-02  0.00000000e+00
   0.00000000e+00  1.50000000e+02  3.93120309e+03  1.57079633e+00
   0.00000000e+00]
 [ 3.47480500e+06 -4.09454243e-01 -4.53286940e-02 -2.50000000e+01
   0.00000000e+00  1.40000000e+02  3.92703160e+03  1.57079633e+00
   0.00000000e+00]
 [ 3.47480417e+06 -4.09425154e-01 -4.45806958e-02 -5.00000000e+01
   0.00000000e+00  1.16666667e+02  3.92331696e+03  1.57079633e+00
   0.00000000e+00]
 [ 3.47480333e+06 -4.09396065e-01 -4.38326975e-02 -7.50000000e+01
   0.00000000e+00  9.33333333e+01  3.91612807e+03  1.57079633e+00
   0.00000000e+00]
 [ 3.47480250e+06 -4.09366976e-01 -4.30846992e-02 -1.00000000e+02
   0.00000000e+00  7.00000000e+01  3.90939846e+03  1.57079633e+00
   0.00000000e+00]
 [ 3.47480167e+06 -4.09337887e-01 -4.23367010e-02 -1.00000000e+02
   0.00000000e+00  4.66666667e+01  3.90312980e+03  1.57079633e+00
   0.00000000e+00]
 [ 3.47480083e+06 -4.09308798e-01 -4.15887027e-02 -5.00000000e+01
   0.00000000e+00  2.33333333e+01  3.88675104e+03  1.57079633e+00
   0.00000000e+00]
 [ 3.47480000e+06 -4.09279710e-01 -4.08407045e-02  0.00000000e+00
   0.00000000e+00  0.00000000e+00  3.87339121e+03  1.57079633e+00
   0.00000000e+00]]
Input Initial Guess: [[ 3.01719632e+04  7.60131859e-02  1.47023336e-01]
 [ 5.33603019e+03  6.92996494e-02 -2.38866010e-02]
 [ 2.70445568e+04 -1.53374090e-01 -1.38354418e-03]
 [ 3.31414488e+04 -8.33940369e-02  1.18772421e-01]
 [ 2.53258711e+04 -2.20271335e-02 -2.33484470e-02]
 [ 2.53252967e+04 -1.70148824e-01  7.07592898e-02]
 [ 1.68373935e+04  1.32495047e-02  2.46044662e-02]
 [ 1.16345145e+04  6.54797207e-02  3.08520973e-03]
 [ 2.88329676e+04  4.98034995e-02  1.07250648e-01]
 [ 1.22360634e+04  1.39227426e-01 -3.55172074e-02]
 [ 3.37841614e+04 -1.18497782e-01 -1.02631646e-01]
 [ 2.62899425e+04  1.39133203e-01  4.82809189e-02]
 [ 5.24375478e+03  1.52134428e-02 -4.64402549e-02]
 [ 2.40183448e+04 -1.60812051e-01 -7.62723622e-02]
 [ 2.72069748e+04  1.64342994e-01  1.22999032e-01]]