LOGGING SOLUTIONS... 
t_sol: 0.5601174793385375
r: [0.         0.         0.00125358 0.00277504 0.00417316 0.00547724
 0.00676923 0.00797287 0.00906457 0.0100472  0.01090669 0.01153609
 0.01183884 0.01212304 0.01246742 0.01275213 0.01294798 0.01305795
 0.01308502 0.01285114 0.01181534 0.0105227  0.00915721 0.00772192
 0.00621992 0.00465424 0.00302792 0.00134411 0.         0.        ]
alpha: [-23.45       -23.45000006 -23.45000005 -23.45000004 -23.45000002
 -23.45       -23.44999998 -23.44999997 -23.44999995 -23.44999994
 -23.44999994 -23.44999993 -23.44999993 -23.44999993 -23.44999994
 -23.44999994 -23.44999995 -23.44999995 -23.44999996 -23.44999996
 -23.44999997 -23.44999997 -23.44999998 -23.44999998 -23.44999999
 -23.44999999 -23.45       -23.45       -23.45       -23.45      ]
beta: [-2.94       -2.34000053 -2.34000054 -2.34000054 -2.34000054 -2.34000054
 -2.34000054 -2.34000055 -2.34000054 -2.34000054 -2.34000053 -2.34000052
 -2.34000051 -2.34000048 -2.34000046 -2.34000042 -2.34000039 -2.34000035
 -2.34000032 -2.34000028 -2.34000024 -2.34000021 -2.34000017 -2.34000014
 -2.34000011 -2.34000007 -2.34000004 -2.34000002 -2.34       -2.34      ]
Vx: [-3.59276778e-16  9.47033506e-01  2.82816155e+00  2.60533491e+00
  2.38781576e+00  2.31652834e+00  2.25050816e+00  2.04814623e+00
  1.85082857e+00  1.65868687e+00  1.38080021e+00  7.92575811e-01
  4.41783640e-01  5.83853787e-01  5.89390707e-01  4.28090454e-01
  2.72102955e-01  1.21449306e-01 -2.38792385e-02 -1.13380197e+00
 -2.24095700e+00 -2.37373469e+00 -2.50109514e+00 -2.62293483e+00
 -2.73931730e+00 -2.85034238e+00 -2.95575120e+00 -3.05576147e+00
 -1.03685722e+00  3.90134514e-15]
Vy: [-1.23634947e-13  2.26738212e-04  1.20283334e-03  1.79720479e-03
  2.03624984e-03  2.07483886e-03  1.93923316e-03  1.65007984e-03
  1.30437149e-03  9.18509389e-04  5.56277126e-04  2.73379122e-04
 -8.08357215e-06 -2.83286915e-04 -4.58097043e-04 -5.42299187e-04
 -5.71753492e-04 -5.74069549e-04 -5.77224750e-04 -5.77731020e-04
 -5.70222273e-04 -5.49407040e-04 -5.39135150e-04 -5.24709124e-04
 -4.85815907e-04 -4.41625488e-04 -3.35291715e-04 -2.22179566e-04
 -2.34074481e-05  0.00000000e+00]
Vz: [-5.64249795e-15 -8.31973757e-06 -1.01849375e-04 -2.18010154e-04
 -2.87322742e-04 -3.01779574e-04 -2.27743858e-04 -3.41185437e-05
  2.48864952e-04  6.33078070e-04  1.07091063e-03  1.48874916e-03
  2.01464393e-03  2.66866193e-03  3.22839806e-03  3.63344328e-03
  3.90443826e-03  4.04156373e-03  3.98966339e-03  3.92414425e-03
  3.86208126e-03  3.75845271e-03  3.72374209e-03  3.68570256e-03
  3.57249395e-03  3.45588642e-03  3.10675522e-03  2.53577725e-03
  5.40293533e-04 -7.08251210e-21]
m: [4000.         3989.22869148 3975.1751777  3968.60694077 3962.03081275
 3954.9500331  3947.86337239 3941.26836748 3934.66668808 3928.05794352
 3921.76003013 3916.55548621 3910.53013588 3902.79908763 3895.55739115
 3888.90742335 3882.25042259 3875.586391   3868.91543407 3865.5782004
 3862.23431695 3855.54320864 3848.84510701 3842.13973442 3835.42738659
 3828.70848173 3821.9822134  3815.24940211 3801.34192211 3790.80203794]
phi: [90.         89.99140974 89.9802144  89.98604074 89.99647641 90.00134001
 90.00789008 90.01242883 90.01514001 90.01750483 90.01880163 90.01992663
 90.01928409 90.01737647 90.01445846 90.01018328 90.00631581 90.00118169
 89.99657426 89.99595379 89.99638021 89.99789689 89.99949571 89.99735436
 89.99702388 89.99316546 89.98761009 89.9739904  89.9800881  90.        ]
psi: [  0.          -2.8005874   -8.40176219 -14.00293698 -19.60411178
 -25.20528657 -30.80646136 -36.40763616 -42.00881095 -47.60998574
 -53.21116054 -58.81233533 -64.41351012 -70.01468492 -75.61585971
 -81.2170345  -86.8182093  -92.41938409 -92.41938409 -86.8182093
 -81.2170345  -75.61585971 -70.01468492 -70.01468492 -70.01468492
 -70.01468492 -75.61585971 -81.2170345  -86.8182093  -89.61879669]
T: [    0.         43148.         13147.94688357 13163.27489312
 13179.55721628 15184.82207623 13203.11571965 13215.33391894
 13229.85260025 13243.63568715 11984.71670569  8863.78656244
 15272.72532107 15696.51758317 13312.46670799 13326.15478029
 13340.63952162 13354.31910866 13368.38120537     0.
 13395.01905623 13408.4042048  13423.03309922 13437.53040754
 13450.97468058 13463.79676449 13480.47144102 13490.00676358
 42220.9540567      0.        ]
w_phi: [ 0.00000000e+00 -3.06730524e-02 -9.30193250e-03  3.01059263e-02
  7.15651528e-03  1.02098447e-02  1.31783306e-02  3.02812320e-03
  6.65261569e-03  1.79138343e-03  2.83908887e-03  1.17794302e-03
 -3.47225891e-03 -3.33926221e-03 -7.08001002e-03 -8.18529390e-03
 -5.62418505e-03 -1.27081245e-02 -3.74355353e-03  1.52806930e-03
 -5.47477128e-06  5.42108717e-03  2.87773036e-04 -7.93384395e-03
  6.75382312e-03 -2.05310065e-02  6.94558011e-04 -4.93260970e-02
  7.10990135e-02  0.00000000e+00]
w_psi: [  0. -10. -10. -10. -10. -10. -10. -10. -10. -10. -10. -10. -10. -10.
 -10. -10. -10. -10.  10.  10.  10.  10.  10. -10.  10. -10. -10. -10.
 -10.   0.]
LOGGING INITIAL GUESSES...
Time Initial Guess: 1
State Initial Guess: [[ 3.47480000e+06 -4.09279710e-01 -5.13126800e-02  0.00000000e+00
   0.00000000e+00  0.00000000e+00  4.00000000e+03  1.57079633e+00
   0.00000000e+00]
 [ 3.47480043e+06 -4.09304643e-01 -5.09515774e-02  2.00000000e+01
   0.00000000e+00  1.07142857e+01  3.99562069e+03  1.57079633e+00
   0.00000000e+00]
 [ 3.47480086e+06 -4.09329576e-01 -5.05904748e-02  4.00000000e+01
   0.00000000e+00  2.14285714e+01  3.99124138e+03  1.57079633e+00
   0.00000000e+00]
 [ 3.47480129e+06 -4.09354509e-01 -5.02293722e-02  6.00000000e+01
   0.00000000e+00  3.21428571e+01  3.98686207e+03  1.57079633e+00
   0.00000000e+00]
 [ 3.47480171e+06 -4.09379443e-01 -4.98682696e-02  8.00000000e+01
   0.00000000e+00  4.28571429e+01  3.98248276e+03  1.57079633e+00
   0.00000000e+00]
 [ 3.47480214e+06 -4.09404376e-01 -4.95071670e-02  1.00000000e+02
   0.00000000e+00  5.35714286e+01  3.97810345e+03  1.57079633e+00
   0.00000000e+00]
 [ 3.47480257e+06 -4.09429309e-01 -4.91460644e-02  1.00000000e+02
   0.00000000e+00  6.42857143e+01  3.97372414e+03  1.57079633e+00
   0.00000000e+00]
 [ 3.47480300e+06 -4.09454243e-01 -4.87849618e-02  8.82352941e+01
   0.00000000e+00  7.50000000e+01  3.96934483e+03  1.57079633e+00
   0.00000000e+00]
 [ 3.47480343e+06 -4.09479176e-01 -4.84238592e-02  7.64705882e+01
   0.00000000e+00  8.57142857e+01  3.96496552e+03  1.57079633e+00
   0.00000000e+00]
 [ 3.47480386e+06 -4.09504109e-01 -4.80627566e-02  6.47058824e+01
   0.00000000e+00  9.64285714e+01  3.96058621e+03  1.57079633e+00
   0.00000000e+00]
 [ 3.47480429e+06 -4.09529042e-01 -4.77016540e-02  5.29411765e+01
   0.00000000e+00  1.07142857e+02  3.95620690e+03  1.57079633e+00
   0.00000000e+00]
 [ 3.47480471e+06 -4.09553976e-01 -4.73405514e-02  4.11764706e+01
   0.00000000e+00  1.17857143e+02  3.95182759e+03  1.57079633e+00
   0.00000000e+00]
 [ 3.47480514e+06 -4.09578909e-01 -4.69794488e-02  2.94117647e+01
   0.00000000e+00  1.28571429e+02  3.94744828e+03  1.57079633e+00
   0.00000000e+00]
 [ 3.47480557e+06 -4.09603842e-01 -4.66183462e-02  1.76470588e+01
   0.00000000e+00  1.39285714e+02  3.94306897e+03  1.57079633e+00
   0.00000000e+00]
 [ 3.47480600e+06 -4.09628775e-01 -4.62572436e-02  5.88235294e+00
   0.00000000e+00  1.50000000e+02  3.93868966e+03  1.57079633e+00
   0.00000000e+00]
 [ 3.47480500e+06 -4.09454243e-01 -4.58961410e-02 -5.88235294e+00
   0.00000000e+00  1.40000000e+02  3.93431034e+03  1.57079633e+00
   0.00000000e+00]
 [ 3.47480464e+06 -4.09441776e-01 -4.55350383e-02 -1.76470588e+01
   0.00000000e+00  1.30000000e+02  3.92993103e+03  1.57079633e+00
   0.00000000e+00]
 [ 3.47480429e+06 -4.09429309e-01 -4.51739357e-02 -2.94117647e+01
   0.00000000e+00  1.20000000e+02  3.92555172e+03  1.57079633e+00
   0.00000000e+00]
 [ 3.47480393e+06 -4.09416843e-01 -4.48128331e-02 -4.11764706e+01
   0.00000000e+00  1.10000000e+02  3.92117241e+03  1.57079633e+00
   0.00000000e+00]
 [ 3.47480357e+06 -4.09404376e-01 -4.44517305e-02 -5.29411765e+01
   0.00000000e+00  1.00000000e+02  3.91679310e+03  1.57079633e+00
   0.00000000e+00]
 [ 3.47480321e+06 -4.09391909e-01 -4.40906279e-02 -6.47058824e+01
   0.00000000e+00  9.00000000e+01  3.91241379e+03  1.57079633e+00
   0.00000000e+00]
 [ 3.47480286e+06 -4.09379443e-01 -4.37295253e-02 -7.64705882e+01
   0.00000000e+00  8.00000000e+01  3.90803448e+03  1.57079633e+00
   0.00000000e+00]
 [ 3.47480250e+06 -4.09366976e-01 -4.33684227e-02 -8.82352941e+01
   0.00000000e+00  7.00000000e+01  3.90365517e+03  1.57079633e+00
   0.00000000e+00]
 [ 3.47480214e+06 -4.09354509e-01 -4.30073201e-02 -1.00000000e+02
   0.00000000e+00  6.00000000e+01  3.89927586e+03  1.57079633e+00
   0.00000000e+00]
 [ 3.47480179e+06 -4.09342043e-01 -4.26462175e-02 -1.00000000e+02
   0.00000000e+00  5.00000000e+01  3.89489655e+03  1.57079633e+00
   0.00000000e+00]
 [ 3.47480143e+06 -4.09329576e-01 -4.22851149e-02 -8.00000000e+01
   0.00000000e+00  4.00000000e+01  3.89051724e+03  1.57079633e+00
   0.00000000e+00]
 [ 3.47480107e+06 -4.09317110e-01 -4.19240123e-02 -6.00000000e+01
   0.00000000e+00  3.00000000e+01  3.88613793e+03  1.57079633e+00
   0.00000000e+00]
 [ 3.47480071e+06 -4.09304643e-01 -4.15629097e-02 -4.00000000e+01
   0.00000000e+00  2.00000000e+01  3.88175862e+03  1.57079633e+00
   0.00000000e+00]
 [ 3.47480036e+06 -4.09292176e-01 -4.12018071e-02 -2.00000000e+01
   0.00000000e+00  1.00000000e+01  3.87737931e+03  1.57079633e+00
   0.00000000e+00]
 [ 3.47480000e+06 -4.09279710e-01 -4.08407045e-02  0.00000000e+00
   0.00000000e+00  0.00000000e+00  3.87300000e+03  1.57079633e+00
   0.00000000e+00]]
Input Initial Guess: [[ 2.50524922e+04  3.18854183e-02  1.54916557e-01]
 [ 3.56286307e+04  7.02903311e-02 -8.17503004e-02]
 [ 3.03299314e+04  6.24979770e-02 -1.86607913e-02]
 [ 4.08772154e+04 -1.54105460e-01  1.37369990e-02]
 [ 2.88968710e+04  1.02077644e-02  6.80696645e-02]
 [ 3.37385889e+04 -5.43276820e-02 -1.53014732e-01]
 [ 3.87421568e+04 -1.54819445e-01  2.51649460e-02]
 [ 4.96226233e+03 -1.25919474e-02  1.13613205e-01]
 [ 1.90209984e+04  9.91667637e-02  8.43992956e-02]
 [ 5.41501917e+03 -6.90078168e-03  1.46378519e-01]
 [ 1.19847167e+04  1.17532226e-01 -1.00276056e-03]
 [ 8.86378656e+03 -1.44486291e-01  1.20564219e-01]
 [ 1.52727253e+04 -1.24813069e-01  1.41962466e-01]
 [ 1.56965176e+04  5.17932808e-02 -1.26118752e-01]
 [ 3.63511085e+04 -1.09708362e-01 -1.55470987e-01]
 [ 3.86520179e+04  1.44834652e-01  1.32819164e-01]
 [ 2.00316142e+04  1.45162688e-01  1.71215586e-01]
 [ 2.95747896e+04 -1.71286930e-01  1.41280048e-01]
 [ 5.76792600e+03  1.31251166e-01 -1.58965447e-01]
 [ 3.84803569e+04  8.27081892e-03 -4.76378581e-02]
 [ 5.28266292e+03 -5.57861510e-02 -1.89182816e-02]
 [ 3.78093233e+04  1.32861894e-01 -1.50226827e-02]
 [ 3.00931067e+04 -1.28133019e-02 -1.70081392e-01]
 [ 1.73221961e+04 -1.26431471e-02 -5.33381260e-02]
 [ 3.35994367e+04 -5.00825058e-02 -8.37237719e-02]
 [ 1.56196071e+04  4.87827632e-02 -9.55269050e-02]
 [ 6.27556826e+03  2.12393301e-03 -1.55614524e-01]
 [ 9.78706173e+03 -1.25994264e-02 -1.42935782e-02]
 [ 3.85521560e+04  1.13015833e-01 -1.34749724e-01]
 [ 2.85225236e+04  5.01624780e-02  5.63300743e-02]]