LOGGING SOLUTIONS... 
t_sol: 1.0767557751573227
r: [0.         0.         0.00460272 0.00994979 0.01455963 0.01847381
 0.0217349  0.02438554 0.0264684  0.02802712 0.02910589 0.02974941
 0.03       0.02987961 0.02936225 0.02839934 0.02693996 0.0249331
 0.02232657 0.01906787 0.01510346 0.0103791  0.00483937 0.
 0.        ]
alpha: [-23.45       -23.45       -23.44999999 -23.44999996 -23.44999994
 -23.44999991 -23.44999989 -23.44999988 -23.44999986 -23.44999985
 -23.44999983 -23.44999982 -23.4499998  -23.44999979 -23.44999977
 -23.44999975 -23.44999973 -23.44999971 -23.44999969 -23.44999967
 -23.44999965 -23.44999964 -23.44999963 -23.44999963 -23.45      ]
beta: [-2.94       -2.94       -2.94       -2.94000001 -2.94000001 -2.94000002
 -2.94000002 -2.94000001 -2.94       -2.93999998 -2.34000002 -2.33999999
 -2.33999997 -2.33999995 -2.33999994 -2.33999994 -2.33999995 -2.33999996
 -2.33999997 -2.33999998 -2.33999999 -2.34       -2.34       -2.34
 -2.34      ]
Vx: [ 0.          1.82780855  5.32090163  4.61721131  3.95166923  3.32527223
  2.73857804  2.19137066  1.68419279  1.21784986  0.79282707  0.40939497
  0.06071199 -0.2895338  -0.67943874 -1.11696331 -1.60158312 -2.13415401
 -2.71536483 -3.34577195 -4.02621426 -4.75755092 -5.54084689 -1.98941253
  0.        ]
Vy: [ 0.00000000e+00  2.26246766e-04  1.09514650e-03  1.43074410e-03
  1.47372704e-03  1.24032862e-03  1.06949281e-03  8.94408463e-04
  8.22318493e-04  8.04606577e-04  8.18203913e-04  8.22444242e-04
  8.46395803e-04  8.81623848e-04  1.00325204e-03  1.05829747e-03
  1.09440781e-03  1.26316557e-03  1.33456113e-03  1.22162065e-03
  8.49476293e-04  2.85149805e-04  2.02105959e-05 -8.23962031e-06
  0.00000000e+00]
Vz: [ 0.00000000e+00 -1.59858284e-05 -1.73912278e-04 -3.02806877e-04
 -3.22159956e-04 -1.00961554e-04  1.33453373e-04  5.02764931e-04
  7.71790901e-04  1.04187349e-03  1.26864859e-03  1.25413236e-03
  1.13153274e-03  8.67998385e-04  2.51142722e-04 -1.71633076e-04
 -3.06125929e-04 -6.59267381e-04 -7.66424843e-04 -6.66388362e-04
 -4.36819525e-04 -1.73322641e-04 -1.30337124e-05  9.74845170e-06
  0.00000000e+00]
m: [4000.         3979.29350702 3952.82232123 3941.24343742 3929.56484718
 3917.78415783 3905.90055439 3893.91593871 3881.82958519 3869.63989264
 3857.34640327 3844.94942374 3832.47357609 3820.0435307  3807.78840723
 3795.73371268 3783.87602237 3772.21660419 3760.75616146 3749.49495679
 3738.43420277 3727.5751776  3716.91984015 3692.00202362 3672.3608832 ]
phi: [90.         89.9955396  89.99213315 89.99586731 90.00315224 90.00551216
 90.00587378 90.0060499  90.00408528 90.00456703 90.00180025 89.99848988
 89.99765896 89.99243083 89.9900664  89.99672234 89.99562114 89.99449719
 90.00046499 90.00490917 90.01036245 90.009178   90.00229986 89.99975507
 90.        ]
psi: [  0.          -5.38377888 -16.15133663 -26.91889438 -37.68645213
 -48.45400988 -59.22156763 -69.98912539 -80.75668314 -91.52424089
 -91.52424089 -80.75668314 -80.75668314 -80.75668314 -80.75668314
 -80.75668314 -69.98912539 -59.22156763 -48.45400988 -37.68645213
 -26.91889438 -26.91889438 -37.68645213 -48.45400988 -53.83778876]
T: [    0.         43148.         12012.41393296 12115.55782809
 12220.18127852 12328.31100459 12434.63272068 12538.79941836
 12646.63310713 12754.13637812 12862.9239392  12969.78824036
 13027.26860759 12874.34591458 12662.76792055 12456.69394603
 12252.25226672 12043.53628792 11837.62904861 11628.36584337
 11419.93184885 11208.00508217 10995.48924242 40928.02809434
     0.        ]
w_phi: [ 0.00000000e+00 -8.28481327e-03  1.95759225e-03  4.97822020e-03
  8.55348638e-03 -4.17025480e-03  4.84184136e-03 -4.51452349e-03
  8.65012085e-04  3.00222747e-05 -5.16908335e-03 -9.79903597e-04
 -5.63481108e-04 -9.14803441e-03  4.75610835e-03  7.60811048e-03
 -9.65377719e-03  7.56548381e-03  3.51978292e-03  4.73506234e-03
  5.39395702e-03 -7.59454083e-03 -5.18127768e-03  4.55010259e-04
  0.00000000e+00]
w_psi: [  0. -10. -10. -10. -10. -10. -10. -10. -10. -10.  10.  10. -10.  10.
 -10.  10.  10.  10.  10.  10.  10. -10. -10. -10.   0.]
LOGGING INITIAL GUESSES...
Time Initial Guess: 1
State Initial Guess: [[ 3.47480000e+06 -4.09279710e-01 -5.13126800e-02  0.00000000e+00
   0.00000000e+00  0.00000000e+00  4.00000000e+03  1.57079633e+00
   0.00000000e+00]
 [ 3.47480050e+06 -4.09308798e-01 -5.08763477e-02  2.50000000e+01
   0.00000000e+00  1.25000000e+01  3.99470833e+03  1.57079633e+00
   0.00000000e+00]
 [ 3.47480100e+06 -4.09337887e-01 -5.04400154e-02  5.00000000e+01
   0.00000000e+00  2.50000000e+01  3.98941667e+03  1.57079633e+00
   0.00000000e+00]
 [ 3.47480150e+06 -4.09366976e-01 -5.00036831e-02  7.50000000e+01
   0.00000000e+00  3.75000000e+01  3.98412500e+03  1.57079633e+00
   0.00000000e+00]
 [ 3.47480200e+06 -4.09396065e-01 -4.95673508e-02  1.00000000e+02
   0.00000000e+00  5.00000000e+01  3.97883333e+03  1.57079633e+00
   0.00000000e+00]
 [ 3.47480250e+06 -4.09425154e-01 -4.91310184e-02  1.00000000e+02
   0.00000000e+00  6.25000000e+01  3.97354167e+03  1.57079633e+00
   0.00000000e+00]
 [ 3.47480300e+06 -4.09454243e-01 -4.86946861e-02  8.57142857e+01
   0.00000000e+00  7.50000000e+01  3.96825000e+03  1.57079633e+00
   0.00000000e+00]
 [ 3.47480350e+06 -4.09483331e-01 -4.82583538e-02  7.14285714e+01
   0.00000000e+00  8.75000000e+01  3.96295833e+03  1.57079633e+00
   0.00000000e+00]
 [ 3.47480400e+06 -4.09512420e-01 -4.78220215e-02  5.71428571e+01
   0.00000000e+00  1.00000000e+02  3.95766667e+03  1.57079633e+00
   0.00000000e+00]
 [ 3.47480450e+06 -4.09541509e-01 -4.73856892e-02  4.28571429e+01
   0.00000000e+00  1.12500000e+02  3.95237500e+03  1.57079633e+00
   0.00000000e+00]
 [ 3.47480500e+06 -4.09570598e-01 -4.69493569e-02  2.85714286e+01
   0.00000000e+00  1.25000000e+02  3.94708333e+03  1.57079633e+00
   0.00000000e+00]
 [ 3.47480550e+06 -4.09599687e-01 -4.65130246e-02  1.42857143e+01
   0.00000000e+00  1.37500000e+02  3.94179167e+03  1.57079633e+00
   0.00000000e+00]
 [ 3.47480600e+06 -4.09628775e-01 -4.60766923e-02  0.00000000e+00
   0.00000000e+00  1.50000000e+02  3.93650000e+03  1.57079633e+00
   0.00000000e+00]
 [ 3.47480500e+06 -4.09454243e-01 -4.56403599e-02 -1.42857143e+01
   0.00000000e+00  1.40000000e+02  3.93120833e+03  1.57079633e+00
   0.00000000e+00]
 [ 3.47480455e+06 -4.09438376e-01 -4.52040276e-02 -2.85714286e+01
   0.00000000e+00  1.27272727e+02  3.92591667e+03  1.57079633e+00
   0.00000000e+00]
 [ 3.47480409e+06 -4.09422509e-01 -4.47676953e-02 -4.28571429e+01
   0.00000000e+00  1.14545455e+02  3.92062500e+03  1.57079633e+00
   0.00000000e+00]
 [ 3.47480364e+06 -4.09406643e-01 -4.43313630e-02 -5.71428571e+01
   0.00000000e+00  1.01818182e+02  3.91533333e+03  1.57079633e+00
   0.00000000e+00]
 [ 3.47480318e+06 -4.09390776e-01 -4.38950307e-02 -7.14285714e+01
   0.00000000e+00  8.90909091e+01  3.91004167e+03  1.57079633e+00
   0.00000000e+00]
 [ 3.47480273e+06 -4.09374909e-01 -4.34586984e-02 -8.57142857e+01
   0.00000000e+00  7.63636364e+01  3.90475000e+03  1.57079633e+00
   0.00000000e+00]
 [ 3.47480227e+06 -4.09359043e-01 -4.30223661e-02 -1.00000000e+02
   0.00000000e+00  6.36363636e+01  3.89945833e+03  1.57079633e+00
   0.00000000e+00]
 [ 3.47480182e+06 -4.09343176e-01 -4.25860337e-02 -1.00000000e+02
   0.00000000e+00  5.09090909e+01  3.89416667e+03  1.57079633e+00
   0.00000000e+00]
 [ 3.47480136e+06 -4.09327309e-01 -4.21497014e-02 -7.50000000e+01
   0.00000000e+00  3.81818182e+01  3.88887500e+03  1.57079633e+00
   0.00000000e+00]
 [ 3.47480091e+06 -4.09311443e-01 -4.17133691e-02 -5.00000000e+01
   0.00000000e+00  2.54545455e+01  3.88358333e+03  1.57079633e+00
   0.00000000e+00]
 [ 3.47480045e+06 -4.09295576e-01 -4.12770368e-02 -2.50000000e+01
   0.00000000e+00  1.27272727e+01  3.87829167e+03  1.57079633e+00
   0.00000000e+00]
 [ 3.47480000e+06 -4.09279710e-01 -4.08407045e-02  0.00000000e+00
   0.00000000e+00  0.00000000e+00  3.87300000e+03  1.57079633e+00
   0.00000000e+00]]
Input Initial Guess: [[ 1.18467994e+04  2.21172788e-02 -1.50522081e-01]
 [ 2.20813080e+04  1.18327295e-01  1.70054161e-01]
 [ 2.41685593e+04 -9.14317153e-02 -1.69491939e-01]
 [ 9.67704110e+03  8.41903487e-02 -3.32017693e-02]
 [ 3.73321026e+04 -1.53673348e-01 -1.21465681e-01]
 [ 1.73095727e+04  1.40214629e-01 -1.46607234e-01]
 [ 2.13455786e+04  8.14020436e-02 -1.29404750e-01]
 [ 2.44939445e+04 -7.61204026e-02  1.03097268e-01]
 [ 1.98297972e+04  1.38841970e-02 -8.65831386e-02]
 [ 3.00273400e+04 -1.36133887e-01 -1.66051801e-01]
 [ 4.26516965e+04 -1.53301350e-01 -1.21553587e-01]
 [ 1.45594322e+04  9.04191893e-02  9.39399836e-02]
 [ 2.53392293e+04 -1.74278635e-01  1.26010187e-01]
 [ 2.14175300e+04  7.91870654e-02  8.52683800e-02]
 [ 3.86815170e+04 -1.22878707e-02  1.45078107e-01]
 [ 4.04837280e+04 -6.57042690e-02  1.10284366e-01]
 [ 2.78260860e+04  1.45490236e-02 -1.17021696e-01]
 [ 3.93331839e+04 -5.74587891e-02  1.01542727e-01]
 [ 1.93938930e+04  2.98539767e-04 -8.75242574e-02]
 [ 5.97813122e+03 -9.92750284e-02 -3.55577994e-02]
 [ 1.31917628e+04 -1.60840815e-01 -3.77574968e-02]
 [ 1.55884007e+04 -2.35302990e-02 -1.25582663e-01]
 [ 6.67820200e+03  1.72348370e-01 -1.00992312e-01]
 [ 5.21657723e+03  6.88566106e-02 -6.73908101e-02]
 [ 1.72655886e+04 -9.90561866e-02 -1.58606861e-01]]