LOGGING SOLUTIONS... 
t_sol: 0.43499827945389896
r: [0.00000000e+00 0.00000000e+00 6.50964200e-01 1.03973233e+00
 1.11975317e+00 7.34282365e-01 4.10026539e-01 4.69922298e-01
 6.75317600e-01 1.29484356e+00 2.39984308e+00 3.05190519e+00
 3.16774018e+00 3.30371768e+00 3.12843943e+00 2.47335020e+00
 1.90888346e+00 1.32208744e+00 4.79447525e-01 4.45466671e-01
 9.83131678e-01 1.10359068e+00 7.05140062e-01 9.59166326e-04
 0.00000000e+00]
alpha: [-23.45       -23.45       -23.45       -23.44999998 -23.44999969
 -23.44999896 -23.44999696 -23.44999418 -23.44999127 -23.44998893
 -23.44998839 -23.44998842 -23.44998883 -23.44999041 -23.44999237
 -23.44999431 -23.44999542 -23.44999579 -23.44999627 -23.44999697
 -23.4499978  -23.44999874 -23.4499995  -23.44999998 -23.45      ]
beta: [-2.94       -2.94       -2.94       -2.94       -2.93999998 -2.93999992
 -2.93999972 -2.93999947 -2.93999923 -2.93999899 -2.93999881 -2.93999868
 -2.93999858 -2.93999853 -2.9399985  -2.93999846 -2.93999847 -2.93999855
 -2.93999861 -2.93999861 -2.93999861 -2.9399986  -2.9399986  -2.93999862
 -2.34      ]
Vx: [ 0.00000000e+00  7.34776737e-01  1.47448061e+00  5.39070117e-01
 -3.97260723e-01 -1.05602238e+00 -2.74154572e-01  3.28663483e-01
  7.89881874e-01  2.20004847e+00  2.30592110e+00  6.92077480e-01
  2.23638273e-01  1.46894230e-01 -1.08125951e+00 -1.54879717e+00
 -1.13312250e+00 -1.86000066e+00 -1.28304500e+00  9.44607695e-01
  9.78451811e-01 -3.19385469e-01 -1.61780830e+00 -8.12113903e-01
 -2.14446754e-20]
Vy: [ 7.98040856e-15  1.58900048e-05  3.60086153e-04  1.41928774e-02
  5.80586377e-02  1.80055114e-01  3.59344770e-01  3.99362501e-01
  3.97650873e-01  2.09131674e-01 -4.27922940e-03 -4.27922860e-03
 -1.46401200e-01 -2.61743610e-01 -2.79494051e-01 -2.34894339e-01
 -7.90652847e-02 -4.48539723e-02 -9.71149916e-02 -9.35292510e-02
 -1.33506571e-01 -1.21300782e-01 -9.68894812e-02 -2.08211103e-02
 -2.30853645e-13]
Vz: [ 0.00000000e+00  4.52447945e-07  1.98698744e-05  4.52082546e-04
  3.44873507e-03  1.90453834e-02  3.33696917e-02  3.40057005e-02
  3.39597607e-02  3.21766063e-02  1.81022258e-02  1.81022224e-02
  8.73136700e-03  5.68919613e-03  4.81202762e-03  3.88028278e-03
 -7.76121843e-03 -1.22675890e-02 -1.36117739e-03 -1.82790207e-03
  2.10009212e-03  5.98335176e-04 -1.51608252e-03 -9.88937825e-04
  1.61581723e-14]
m: [4000.         3991.6347894  3983.2695788  3980.86076048 3978.45194216
 3975.03831543 3966.53294124 3958.70155129 3951.3856408  3940.72578858
 3934.64220436 3934.64220436 3930.59549686 3925.1981071  3923.84742484
 3919.83647231 3912.73044234 3909.63536491 3902.00545116 3888.66651627
 3882.95749513 3881.86289862 3880.76830211 3872.40309151 3864.03788091]
phi: [90.         89.99922433 89.95509471 87.73674936 83.38676657 83.38676657
 87.73674936 89.51320713 91.2896649  95.6396477  99.98963049 99.98963049
 95.6396477  93.15549036 90.67133303 86.32135023 86.32135023 90.67133303
 90.67133303 90.67133303 90.67133303 86.32135023 86.08797298 89.01479357
 90.        ]
psi: [ 6.50690711e-12  2.17499140e+00  2.17499140e+00  2.17499140e+00
  6.52497419e+00  6.52497419e+00  2.17499140e+00 -2.17499140e+00
 -2.17499140e+00  2.17499140e+00  6.52497419e+00  6.52497419e+00
  2.17499140e+00  2.17499140e+00  2.17499140e+00 -2.17499140e+00
 -6.52497419e+00 -1.08749570e+01 -1.08749570e+01 -6.52497419e+00
 -6.52497419e+00 -6.52497419e+00 -2.17499140e+00  2.17499140e+00
  4.34998279e+00]
T: [    0.         43148.             0.         12424.75509796
     0.         17607.58611118 26263.3817969  14131.15576032
 23604.52368676 31379.3046696      0.             0.
 20873.03519743  6966.85846007     0.         20688.61001381
 15964.49958521     0.         39355.31741429 29447.2974147
     0.          5645.9606929      0.         43148.
     0.        ]
w_phi: [ 0.00000000e+00 -3.56815151e-03 -1.99327122e-01 -1.00000000e+01
 -1.00000000e+01  1.00000000e+01  1.00000000e+01 -1.83234572e+00
  1.00000000e+01  1.00000000e+01  1.00000000e+01 -1.00000000e+01
 -1.00000000e+01 -1.42145862e+00 -1.00000000e+01 -1.00000000e+01
  1.00000000e+01  1.00000000e+01 -1.00000000e+01  1.00000000e+01
 -1.00000000e+01 -1.00000000e+01  8.92699626e+00  4.52970335e+00
  0.00000000e+00]
w_psi: [  0.  10. -10.  10.  10. -10. -10. -10.  10.  10.  10. -10. -10.  10.
 -10. -10. -10. -10.  10.  10. -10.  10.  10.  10.   0.]
LOGGING INITIAL GUESSES...
Time Initial Guess: 1
State Initial Guess: [[ 3.47480000e+06 -4.09279710e-01 -5.13126800e-02  0.00000000e+00
   0.00000000e+00  0.00000000e+00  4.00000000e+03  1.57079633e+00
   0.00000000e+00]
 [ 3.47480050e+06 -4.09308798e-01 -5.08763477e-02  2.50000000e+01
   0.00000000e+00  1.25000000e+01  3.99470833e+03  1.57079633e+00
   0.00000000e+00]
 [ 3.47480100e+06 -4.09337887e-01 -5.04400154e-02  5.00000000e+01
   0.00000000e+00  2.50000000e+01  3.98941667e+03  1.57079633e+00
   0.00000000e+00]
 [ 3.47480150e+06 -4.09366976e-01 -5.00036831e-02  7.50000000e+01
   0.00000000e+00  3.75000000e+01  3.98412500e+03  1.57079633e+00
   0.00000000e+00]
 [ 3.47480200e+06 -4.09396065e-01 -4.95673508e-02  1.00000000e+02
   0.00000000e+00  5.00000000e+01  3.97883333e+03  1.57079633e+00
   0.00000000e+00]
 [ 3.47480250e+06 -4.09425154e-01 -4.91310184e-02  1.00000000e+02
   0.00000000e+00  6.25000000e+01  3.97354167e+03  1.57079633e+00
   0.00000000e+00]
 [ 3.47480300e+06 -4.09454243e-01 -4.86946861e-02  8.57142857e+01
   0.00000000e+00  7.50000000e+01  3.96825000e+03  1.57079633e+00
   0.00000000e+00]
 [ 3.47480350e+06 -4.09483331e-01 -4.82583538e-02  7.14285714e+01
   0.00000000e+00  8.75000000e+01  3.96295833e+03  1.57079633e+00
   0.00000000e+00]
 [ 3.47480400e+06 -4.09512420e-01 -4.78220215e-02  5.71428571e+01
   0.00000000e+00  1.00000000e+02  3.95766667e+03  1.57079633e+00
   0.00000000e+00]
 [ 3.47480450e+06 -4.09541509e-01 -4.73856892e-02  4.28571429e+01
   0.00000000e+00  1.12500000e+02  3.95237500e+03  1.57079633e+00
   0.00000000e+00]
 [ 3.47480500e+06 -4.09570598e-01 -4.69493569e-02  2.85714286e+01
   0.00000000e+00  1.25000000e+02  3.94708333e+03  1.57079633e+00
   0.00000000e+00]
 [ 3.47480550e+06 -4.09599687e-01 -4.65130246e-02  1.42857143e+01
   0.00000000e+00  1.37500000e+02  3.94179167e+03  1.57079633e+00
   0.00000000e+00]
 [ 3.47480600e+06 -4.09628775e-01 -4.60766923e-02  0.00000000e+00
   0.00000000e+00  1.50000000e+02  3.93650000e+03  1.57079633e+00
   0.00000000e+00]
 [ 3.47480500e+06 -4.09454243e-01 -4.56403599e-02 -1.42857143e+01
   0.00000000e+00  1.40000000e+02  3.93120833e+03  1.57079633e+00
   0.00000000e+00]
 [ 3.47480455e+06 -4.09438376e-01 -4.52040276e-02 -2.85714286e+01
   0.00000000e+00  1.27272727e+02  3.92591667e+03  1.57079633e+00
   0.00000000e+00]
 [ 3.47480409e+06 -4.09422509e-01 -4.47676953e-02 -4.28571429e+01
   0.00000000e+00  1.14545455e+02  3.92062500e+03  1.57079633e+00
   0.00000000e+00]
 [ 3.47480364e+06 -4.09406643e-01 -4.43313630e-02 -5.71428571e+01
   0.00000000e+00  1.01818182e+02  3.91533333e+03  1.57079633e+00
   0.00000000e+00]
 [ 3.47480318e+06 -4.09390776e-01 -4.38950307e-02 -7.14285714e+01
   0.00000000e+00  8.90909091e+01  3.91004167e+03  1.57079633e+00
   0.00000000e+00]
 [ 3.47480273e+06 -4.09374909e-01 -4.34586984e-02 -8.57142857e+01
   0.00000000e+00  7.63636364e+01  3.90475000e+03  1.57079633e+00
   0.00000000e+00]
 [ 3.47480227e+06 -4.09359043e-01 -4.30223661e-02 -1.00000000e+02
   0.00000000e+00  6.36363636e+01  3.89945833e+03  1.57079633e+00
   0.00000000e+00]
 [ 3.47480182e+06 -4.09343176e-01 -4.25860337e-02 -1.00000000e+02
   0.00000000e+00  5.09090909e+01  3.89416667e+03  1.57079633e+00
   0.00000000e+00]
 [ 3.47480136e+06 -4.09327309e-01 -4.21497014e-02 -7.50000000e+01
   0.00000000e+00  3.81818182e+01  3.88887500e+03  1.57079633e+00
   0.00000000e+00]
 [ 3.47480091e+06 -4.09311443e-01 -4.17133691e-02 -5.00000000e+01
   0.00000000e+00  2.54545455e+01  3.88358333e+03  1.57079633e+00
   0.00000000e+00]
 [ 3.47480045e+06 -4.09295576e-01 -4.12770368e-02 -2.50000000e+01
   0.00000000e+00  1.27272727e+01  3.87829167e+03  1.57079633e+00
   0.00000000e+00]
 [ 3.47480000e+06 -4.09279710e-01 -4.08407045e-02  0.00000000e+00
   0.00000000e+00  0.00000000e+00  3.87300000e+03  1.57079633e+00
   0.00000000e+00]]
Input Initial Guess: [[ 1.15149260e+04  9.88116163e-02 -1.65324564e-01]
 [ 2.22664987e+04 -1.33450159e-01 -1.49960792e-01]
 [ 3.45541423e+04 -4.85715626e-02  4.34848251e-02]
 [ 1.08210952e+04 -8.86937603e-02  8.96095526e-02]
 [ 2.33874108e+04  1.62407242e-01 -1.34939018e-02]
 [ 3.38266859e+04 -1.58597892e-01  1.03040630e-01]
 [ 1.37112301e+04 -1.13365308e-02  1.57666126e-01]
 [ 2.68420238e+04  4.01260156e-02  1.46896698e-01]
 [ 1.85396771e+04  9.86661387e-03 -1.63766340e-01]
 [ 3.86712545e+04 -5.86522207e-02 -4.62405025e-03]
 [ 2.38982932e+04  1.73912729e-01  1.57782777e-01]
 [ 1.34425267e+04  1.25509421e-01  8.28498860e-02]
 [ 2.23149764e+04 -1.65789520e-01 -1.00429502e-01]
 [ 1.21573988e+04 -1.06451042e-01  6.65355242e-02]
 [ 8.19582354e+03 -2.66129760e-02  2.20347191e-02]
 [ 3.20971855e+04 -9.85712689e-02  9.95834952e-02]
 [ 1.96615352e+04 -8.57983566e-02 -8.55718188e-02]
 [ 5.42735266e+03 -1.03415351e-01  1.53928051e-01]
 [ 2.70282848e+04 -1.62983945e-01 -1.43341276e-01]
 [ 3.96306505e+04  1.81695509e-02 -1.51873318e-01]
 [ 2.07677740e+04  5.28057304e-02 -1.01383468e-01]
 [ 3.62024137e+04  1.37004246e-01  1.67545966e-01]
 [ 2.25783491e+04 -1.66155111e-02 -1.73388764e-01]
 [ 1.22649224e+04 -7.77220435e-02 -8.37699025e-02]
 [ 4.05884115e+04  1.60985323e-01  7.32147004e-03]]


DIRCON cumulative error
[3.81571949e+00 1.58775632e-05 3.62753103e-02 4.80564318e+00
 8.73304610e+00 5.03394112e+00 1.49490988e+02 2.64518949e+00
 1.29673043e+01 6.29612756e+01 3.43460978e+00 1.48044604e+01]
----------------------------------------------------------------
DIRTREL cumulative error
[1.24547902e+00 2.46687648e-07 1.04719315e-02 6.99732150e-01
 1.61926099e-01 3.85501882e-02 2.63838152e+02 5.87580363e-02
 1.78696802e-01 9.34354264e+01 1.33768510e-01 3.22622659e-01]
----------------------------------------------------------------
error differences (positive means DIRCON error is higher, vice versa)
[ 2.57024047e+00  1.56308756e-05  2.58033788e-02  4.10591103e+00
  8.57112000e+00  4.99539093e+00 -1.14347164e+02  2.58643146e+00
  1.27886075e+01 -3.04741508e+01  3.30084127e+00  1.44818378e+01]