LOGGING SOLUTIONS... 
t_sol: 0.43484191261597005
r: [0.00000000e+00 0.00000000e+00 6.50488733e-01 1.22744699e+00
 2.24829407e+00 3.02225609e+00 3.82250793e+00 4.36844661e+00
 4.68489053e+00 4.84900184e+00 4.88943511e+00 5.14506204e+00
 4.98575013e+00 4.56866737e+00 4.29307210e+00 4.25957234e+00
 3.85600269e+00 3.52088239e+00 3.69342486e+00 3.79548791e+00
 3.44091339e+00 2.42443565e+00 9.33267938e-01 1.02157472e-03
 0.00000000e+00]
alpha: [-23.45       -23.45       -23.44999997 -23.44999965 -23.44999767
 -23.4499946  -23.44998965 -23.44998402 -23.44997829 -23.44997305
 -23.44996906 -23.44996803 -23.44996818 -23.44997011 -23.44997449
 -23.44998061 -23.44998693 -23.44999251 -23.44999577 -23.44999746
 -23.44999847 -23.44999934 -23.44999995 -23.45       -23.45      ]
beta: [-2.94       -2.94       -2.94       -2.93999995 -2.93999959 -2.93999902
 -2.93999807 -2.93999696 -2.93999582 -2.93999484 -2.93999432 -2.93999483
 -2.93999569 -2.93999686 -2.93999832 -2.93999987 -2.94000142 -2.94000287
 -2.94000386 -2.94000445 -2.94000485 -2.94000522 -2.94000549 -2.94000551
 -2.34      ]
Vx: [ 0.00000000e+00  7.34511756e-01  1.47391734e+00  1.83851111e+00
  2.19796285e+00  1.75192076e+00  1.65134615e+00  9.32110832e-01
  5.69594313e-01  1.05111529e-01  4.18931986e-01  2.67322007e-01
 -8.25986889e-01 -9.40039100e-01 -1.93376517e-01 -4.21214267e-01
 -1.13532416e+00 -1.34650071e-01  5.54690778e-01 -1.91294194e-01
 -1.53094829e+00 -3.14421178e+00 -3.19096709e+00 -8.12368717e-01
  1.16967225e-15]
Vy: [ 0.00000000e+00 -9.53766584e-05  9.50251520e-03  1.36668114e-01
  3.57125913e-01  5.62483178e-01  7.60479731e-01  8.02102635e-01
  7.77638360e-01  6.77778269e-01  3.54769732e-01  2.78152196e-02
 -1.13779612e-01 -4.37925255e-01 -7.72063906e-01 -8.82999453e-01
 -8.63992817e-01 -6.35171520e-01 -3.11241471e-01 -1.74987984e-01
 -1.21269424e-01 -1.21269460e-01 -3.28006476e-02  1.23370853e-03
  0.00000000e+00]
Vz: [-9.68986153e-17 -2.71803306e-06  7.29518694e-04  2.24202184e-02
  6.79804328e-02  1.04637166e-01  1.48384260e-01  1.61144260e-01
  1.52125977e-01  1.18087288e-01 -1.17472242e-03 -1.07703926e-01
 -1.38729720e-01 -1.87774671e-01 -2.13606000e-01 -2.16634176e-01
 -2.14657903e-01 -1.77495188e-01 -1.03975893e-01 -6.50679237e-02
 -5.12033063e-02 -5.12033212e-02 -1.51603482e-02  6.78494488e-04
 -1.15414848e-13]
m: [4000.         3991.63779641 3983.27559281 3976.24339975 3969.21120669
 3965.01814041 3959.6265073  3956.46788819 3952.05744271 3947.99467139
 3941.11011568 3935.83793806 3933.94455437 3928.56555874 3920.22547107
 3915.37099533 3912.23295223 3903.09027477 3895.00411761 3891.95415949
 3890.98572418 3890.98572418 3885.54542387 3871.74291995 3863.38071636]
phi: [ 90.          90.00465186  88.56164833  84.93978338  80.59136426
  80.59136426  84.93978338  89.08105801  93.22233264  97.57075176
 101.91917089 105.49719078 104.72679154 100.37837242  96.02995329
  91.68153416  87.33311504  82.98469591  81.12338062  79.26206533
  79.26206533  83.61048445  87.95890358  90.06655657  90.        ]
psi: [ 0.          2.17420956  6.52262869 10.87104782 10.87104782 10.87104782
 15.21946694 19.56788607 19.56788607 19.56788607 19.56788607 15.21946694
 10.87104782  6.52262869  2.17420956  2.17420956  6.52262869 10.87104782
 15.21946694 15.21946694 15.21946694 19.56788607 23.91630519 28.26472432
 30.43893388]
T: [    0.         43148.             0.         36285.30002546
     0.         21635.73531057  6184.46576897 10113.64224113
 12643.74458822  8319.68383832 27203.82460375     0.
  9769.64010558 17985.3530128  25048.53139602     0.
 16191.93821604 30983.21633929 10740.41610177  4997.01379057
     0.             0.         28071.31826416 43148.
     0.        ]
w_phi: [  0.           0.02138089  -6.6582886  -10.         -10.
  10.          10.           9.04726403  10.          10.
  10.           6.45664667 -10.         -10.         -10.
 -10.         -10.         -10.           1.43911192 -10.
  10.          10.          10.          -0.30611491   0.        ]
w_psi: [  0.  10.  10.  10. -10.  10.  10.  10. -10.  10. -10. -10. -10. -10.
 -10.  10.  10.  10.  10. -10.  10.  10.  10.  10.   0.]
LOGGING INITIAL GUESSES...
Time Initial Guess: 1
State Initial Guess: [[ 3.47480000e+06 -4.09279710e-01 -5.13126800e-02  0.00000000e+00
   0.00000000e+00  0.00000000e+00  4.00000000e+03  1.57079633e+00
   0.00000000e+00]
 [ 3.47480050e+06 -4.09308798e-01 -5.08763477e-02  2.50000000e+01
   0.00000000e+00  1.25000000e+01  3.99470833e+03  1.57079633e+00
   0.00000000e+00]
 [ 3.47480100e+06 -4.09337887e-01 -5.04400154e-02  5.00000000e+01
   0.00000000e+00  2.50000000e+01  3.98941667e+03  1.57079633e+00
   0.00000000e+00]
 [ 3.47480150e+06 -4.09366976e-01 -5.00036831e-02  7.50000000e+01
   0.00000000e+00  3.75000000e+01  3.98412500e+03  1.57079633e+00
   0.00000000e+00]
 [ 3.47480200e+06 -4.09396065e-01 -4.95673508e-02  1.00000000e+02
   0.00000000e+00  5.00000000e+01  3.97883333e+03  1.57079633e+00
   0.00000000e+00]
 [ 3.47480250e+06 -4.09425154e-01 -4.91310184e-02  1.00000000e+02
   0.00000000e+00  6.25000000e+01  3.97354167e+03  1.57079633e+00
   0.00000000e+00]
 [ 3.47480300e+06 -4.09454243e-01 -4.86946861e-02  8.57142857e+01
   0.00000000e+00  7.50000000e+01  3.96825000e+03  1.57079633e+00
   0.00000000e+00]
 [ 3.47480350e+06 -4.09483331e-01 -4.82583538e-02  7.14285714e+01
   0.00000000e+00  8.75000000e+01  3.96295833e+03  1.57079633e+00
   0.00000000e+00]
 [ 3.47480400e+06 -4.09512420e-01 -4.78220215e-02  5.71428571e+01
   0.00000000e+00  1.00000000e+02  3.95766667e+03  1.57079633e+00
   0.00000000e+00]
 [ 3.47480450e+06 -4.09541509e-01 -4.73856892e-02  4.28571429e+01
   0.00000000e+00  1.12500000e+02  3.95237500e+03  1.57079633e+00
   0.00000000e+00]
 [ 3.47480500e+06 -4.09570598e-01 -4.69493569e-02  2.85714286e+01
   0.00000000e+00  1.25000000e+02  3.94708333e+03  1.57079633e+00
   0.00000000e+00]
 [ 3.47480550e+06 -4.09599687e-01 -4.65130246e-02  1.42857143e+01
   0.00000000e+00  1.37500000e+02  3.94179167e+03  1.57079633e+00
   0.00000000e+00]
 [ 3.47480600e+06 -4.09628775e-01 -4.60766923e-02  0.00000000e+00
   0.00000000e+00  1.50000000e+02  3.93650000e+03  1.57079633e+00
   0.00000000e+00]
 [ 3.47480500e+06 -4.09454243e-01 -4.56403599e-02 -1.42857143e+01
   0.00000000e+00  1.40000000e+02  3.93120833e+03  1.57079633e+00
   0.00000000e+00]
 [ 3.47480455e+06 -4.09438376e-01 -4.52040276e-02 -2.85714286e+01
   0.00000000e+00  1.27272727e+02  3.92591667e+03  1.57079633e+00
   0.00000000e+00]
 [ 3.47480409e+06 -4.09422509e-01 -4.47676953e-02 -4.28571429e+01
   0.00000000e+00  1.14545455e+02  3.92062500e+03  1.57079633e+00
   0.00000000e+00]
 [ 3.47480364e+06 -4.09406643e-01 -4.43313630e-02 -5.71428571e+01
   0.00000000e+00  1.01818182e+02  3.91533333e+03  1.57079633e+00
   0.00000000e+00]
 [ 3.47480318e+06 -4.09390776e-01 -4.38950307e-02 -7.14285714e+01
   0.00000000e+00  8.90909091e+01  3.91004167e+03  1.57079633e+00
   0.00000000e+00]
 [ 3.47480273e+06 -4.09374909e-01 -4.34586984e-02 -8.57142857e+01
   0.00000000e+00  7.63636364e+01  3.90475000e+03  1.57079633e+00
   0.00000000e+00]
 [ 3.47480227e+06 -4.09359043e-01 -4.30223661e-02 -1.00000000e+02
   0.00000000e+00  6.36363636e+01  3.89945833e+03  1.57079633e+00
   0.00000000e+00]
 [ 3.47480182e+06 -4.09343176e-01 -4.25860337e-02 -1.00000000e+02
   0.00000000e+00  5.09090909e+01  3.89416667e+03  1.57079633e+00
   0.00000000e+00]
 [ 3.47480136e+06 -4.09327309e-01 -4.21497014e-02 -7.50000000e+01
   0.00000000e+00  3.81818182e+01  3.88887500e+03  1.57079633e+00
   0.00000000e+00]
 [ 3.47480091e+06 -4.09311443e-01 -4.17133691e-02 -5.00000000e+01
   0.00000000e+00  2.54545455e+01  3.88358333e+03  1.57079633e+00
   0.00000000e+00]
 [ 3.47480045e+06 -4.09295576e-01 -4.12770368e-02 -2.50000000e+01
   0.00000000e+00  1.27272727e+01  3.87829167e+03  1.57079633e+00
   0.00000000e+00]
 [ 3.47480000e+06 -4.09279710e-01 -4.08407045e-02  0.00000000e+00
   0.00000000e+00  0.00000000e+00  3.87300000e+03  1.57079633e+00
   0.00000000e+00]]
Input Initial Guess: [[ 8.52975902e+03  8.33005428e-02  2.08147468e-02]
 [ 1.25490574e+04 -6.48160289e-03 -1.02707577e-01]
 [ 3.08574935e+04 -1.50677394e-01 -1.69838079e-02]
 [ 4.01831155e+04 -6.36257095e-02 -1.45911438e-01]
 [ 2.05151285e+04  1.03542876e-01  9.09926780e-02]
 [ 2.16357353e+04  1.42742081e-02 -4.05928958e-02]
 [ 6.18446577e+03  3.35720562e-03  1.24109652e-01]
 [ 1.01136422e+04 -6.67406071e-02  1.63993679e-01]
 [ 1.26437446e+04 -9.89185113e-02 -1.14621577e-01]
 [ 8.31968384e+03  1.25932352e-01  1.61296646e-01]
 [ 2.72038246e+04  1.36446838e-01 -1.48691514e-01]
 [ 3.62082065e+04 -3.12791028e-02  8.33038514e-02]
 [ 9.76964011e+03  1.36185516e-01 -5.54766639e-02]
 [ 1.79853530e+04  1.54770206e-01 -2.67562038e-02]
 [ 2.50485314e+04 -6.52999796e-03  1.07946463e-01]
 [ 3.09763862e+04 -1.03180794e-01 -1.47662073e-01]
 [ 1.61919382e+04 -9.27351993e-02 -7.10103541e-02]
 [ 3.09832163e+04 -5.68830266e-02  2.56533061e-02]
 [ 1.07404161e+04 -1.56036387e-02 -7.49922641e-02]
 [ 4.99701379e+03 -2.88100232e-02  1.26521680e-01]
 [ 4.04755473e+04  1.02946505e-01  1.44777781e-01]
 [ 1.67562529e+04 -1.49655226e-01  1.65150501e-01]
 [ 6.71734117e+03 -1.24270034e-01  1.34441222e-01]
 [ 2.30880844e+04  3.76940310e-02  1.10688808e-01]
 [ 3.86131758e+04  1.53846516e-01  1.00001800e-01]]