LOGGING SOLUTIONS... 
t_sol: 0.43527526803992056
r: [0.00000000e+00 0.00000000e+00 8.01202897e-01 1.83893514e+00
 2.32307283e+00 2.10430004e+00 1.44286528e+00 1.27008561e+00
 1.37769468e+00 1.45124634e+00 1.29668748e+00 1.81803762e+00
 2.06158745e+00 1.92259763e+00 1.39668685e+00 1.28519713e+00
 1.48002655e+00 1.47203717e+00 1.19102844e+00 1.60407382e+00
 1.67949125e+00 1.21887757e+00 7.05030804e-01 9.51767433e-04
 0.00000000e+00]
alpha: [-23.45       -23.45       -23.45000009 -23.45000062 -23.45000132
 -23.45000201 -23.45000296 -23.45000424 -23.45000479 -23.45000449
 -23.45000397 -23.45000272 -23.45000117 -23.44999944 -23.44999761
 -23.4499956  -23.44999382 -23.44999264 -23.44999203 -23.44999348
 -23.44999558 -23.44999763 -23.44999908 -23.44999995 -23.45      ]
beta: [-2.94       -2.3400071  -2.34000711 -2.34000717 -2.34000724 -2.34000732
 -2.34000739 -2.34000743 -2.34000743 -2.34000735 -2.34000722 -2.34000689
 -2.34000648 -2.34000603 -2.34000558 -2.34000511 -2.34000463 -2.34000413
 -2.34000359 -2.34000281 -2.34000192 -2.34000106 -2.34000041 -2.34000002
 -2.34      ]
Vx: [ 0.          0.73524928  2.50521088  1.91969702  0.30482578 -1.31004546
 -1.12957322  0.07608984  0.37755187 -0.33874863  0.42057728  1.18293112
  0.12015676 -0.94281193 -0.93105067  0.27303796  0.41332487 -0.63805543
  0.14683188  0.96094125 -0.62427754 -1.11898666 -1.61521314 -0.81213657
  0.        ]
Vy: [ 0.00000000e+00 -6.98148258e-04 -3.82445482e-02 -9.62186952e-02
 -9.62186818e-02 -9.62186878e-02 -1.81110396e-01 -1.45908502e-01
 -1.31589085e-03  6.12084020e-02  1.08789653e-01  2.13943489e-01
  2.25110623e-01  2.50180606e-01  2.64456516e-01  2.84256865e-01
  2.00664352e-01  1.42550949e-01 -4.29674750e-02 -2.91039054e-01
 -2.92920590e-01 -2.54187959e-01 -1.71829844e-01 -4.22828922e-02
  1.04638539e-13]
Vz: [ 7.13724761e-16 -1.97753028e-05 -3.37073842e-03 -1.08653109e-02
 -1.08653093e-02 -1.08653100e-02 -6.27367360e-03 -5.07508144e-03
  6.16270176e-03  1.47958744e-02  2.68610873e-02  5.71326834e-02
  5.94835335e-02  6.35579247e-02  6.44465658e-02  6.48575453e-02
  6.91952012e-02  7.06218194e-02  8.74961327e-02  1.22736544e-01
  1.23138169e-01  1.10072572e-01  7.81360800e-02  1.82932251e-02
 -1.82992065e-13]
m: [4000.         3991.62946279 3979.6030372  3975.94714882 3975.94714882
 3975.94714882 3969.58139874 3959.61085419 3952.83336761 3949.6606755
 3941.30876488 3932.95685426 3931.02133957 3929.08582488 3923.39281874
 3913.54612432 3907.41982178 3905.4472075  3897.07667029 3888.60312076
 3888.50010843 3884.61625101 3880.7323936  3872.36185639 3863.99131917]
phi: [90.         90.03425628 92.24488897 93.92658833 95.60828761 95.61095957
 91.26087884 86.90812612 85.32281393 88.09025449 88.09025452 88.09025452
 88.0902545  88.09025447 89.45108987 90.8119253  95.16467801 95.16467802
 95.16467802 95.164678   90.81192527 86.45917257 84.96502177 87.82362365
 90.        ]
psi: [ 2.08803098e-15  2.17637634e+00  6.52912901e+00  6.52912901e+00
  2.17637633e+00 -2.17637635e+00 -2.17637635e+00  2.17637632e+00
  6.52912900e+00  1.08818817e+01  1.52346344e+01  1.52346344e+01
  1.08818817e+01  6.52912901e+00  2.17637633e+00 -2.17637635e+00
 -2.17637635e+00 -2.17637635e+00 -6.52912903e+00 -1.08818817e+01
 -1.52346344e+01 -1.95873871e+01 -2.39401398e+01 -2.39401398e+01
 -2.17637634e+01]
T: [0.00000000e+00 4.31480000e+04 1.88451867e+04 0.00000000e+00
 1.25260158e-09 0.00000000e+00 3.28138299e+04 1.85818028e+04
 1.63544245e+04 0.00000000e+00 4.30519846e+04 0.00000000e+00
 9.97708277e+03 0.00000000e+00 2.93460053e+04 2.14112113e+04
 1.01683271e+04 0.00000000e+00 4.31480000e+04 5.31010076e+02
 0.00000000e+00 2.00202870e+04 0.00000000e+00 4.31480000e+04
 0.00000000e+00]
w_phi: [  0.           0.1583933   10.          -2.27486074  10.
  -9.9877042  -10.         -10.           2.716699    10.
 -10.          10.         -10.          10.          -3.74705245
  10.          10.         -10.          10.         -10.
 -10.         -10.           3.13452509  10.           0.        ]
w_psi: [  0.  10.  10. -10. -10. -10.  10.  10.  10.  10.  10. -10. -10. -10.
 -10. -10.  10. -10. -10. -10. -10. -10. -10.  10.   0.]
LOGGING INITIAL GUESSES...
Time Initial Guess: 1
State Initial Guess: [[ 3.47480000e+06 -4.09279710e-01 -5.13126800e-02  0.00000000e+00
   0.00000000e+00  0.00000000e+00  4.00000000e+03  1.57079633e+00
   0.00000000e+00]
 [ 3.47480050e+06 -4.09308798e-01 -5.08763477e-02  2.50000000e+01
   0.00000000e+00  1.25000000e+01  3.99470833e+03  1.57079633e+00
   0.00000000e+00]
 [ 3.47480100e+06 -4.09337887e-01 -5.04400154e-02  5.00000000e+01
   0.00000000e+00  2.50000000e+01  3.98941667e+03  1.57079633e+00
   0.00000000e+00]
 [ 3.47480150e+06 -4.09366976e-01 -5.00036831e-02  7.50000000e+01
   0.00000000e+00  3.75000000e+01  3.98412500e+03  1.57079633e+00
   0.00000000e+00]
 [ 3.47480200e+06 -4.09396065e-01 -4.95673508e-02  1.00000000e+02
   0.00000000e+00  5.00000000e+01  3.97883333e+03  1.57079633e+00
   0.00000000e+00]
 [ 3.47480250e+06 -4.09425154e-01 -4.91310184e-02  1.00000000e+02
   0.00000000e+00  6.25000000e+01  3.97354167e+03  1.57079633e+00
   0.00000000e+00]
 [ 3.47480300e+06 -4.09454243e-01 -4.86946861e-02  8.57142857e+01
   0.00000000e+00  7.50000000e+01  3.96825000e+03  1.57079633e+00
   0.00000000e+00]
 [ 3.47480350e+06 -4.09483331e-01 -4.82583538e-02  7.14285714e+01
   0.00000000e+00  8.75000000e+01  3.96295833e+03  1.57079633e+00
   0.00000000e+00]
 [ 3.47480400e+06 -4.09512420e-01 -4.78220215e-02  5.71428571e+01
   0.00000000e+00  1.00000000e+02  3.95766667e+03  1.57079633e+00
   0.00000000e+00]
 [ 3.47480450e+06 -4.09541509e-01 -4.73856892e-02  4.28571429e+01
   0.00000000e+00  1.12500000e+02  3.95237500e+03  1.57079633e+00
   0.00000000e+00]
 [ 3.47480500e+06 -4.09570598e-01 -4.69493569e-02  2.85714286e+01
   0.00000000e+00  1.25000000e+02  3.94708333e+03  1.57079633e+00
   0.00000000e+00]
 [ 3.47480550e+06 -4.09599687e-01 -4.65130246e-02  1.42857143e+01
   0.00000000e+00  1.37500000e+02  3.94179167e+03  1.57079633e+00
   0.00000000e+00]
 [ 3.47480600e+06 -4.09628775e-01 -4.60766923e-02  0.00000000e+00
   0.00000000e+00  1.50000000e+02  3.93650000e+03  1.57079633e+00
   0.00000000e+00]
 [ 3.47480500e+06 -4.09454243e-01 -4.56403599e-02 -1.42857143e+01
   0.00000000e+00  1.40000000e+02  3.93120833e+03  1.57079633e+00
   0.00000000e+00]
 [ 3.47480455e+06 -4.09438376e-01 -4.52040276e-02 -2.85714286e+01
   0.00000000e+00  1.27272727e+02  3.92591667e+03  1.57079633e+00
   0.00000000e+00]
 [ 3.47480409e+06 -4.09422509e-01 -4.47676953e-02 -4.28571429e+01
   0.00000000e+00  1.14545455e+02  3.92062500e+03  1.57079633e+00
   0.00000000e+00]
 [ 3.47480364e+06 -4.09406643e-01 -4.43313630e-02 -5.71428571e+01
   0.00000000e+00  1.01818182e+02  3.91533333e+03  1.57079633e+00
   0.00000000e+00]
 [ 3.47480318e+06 -4.09390776e-01 -4.38950307e-02 -7.14285714e+01
   0.00000000e+00  8.90909091e+01  3.91004167e+03  1.57079633e+00
   0.00000000e+00]
 [ 3.47480273e+06 -4.09374909e-01 -4.34586984e-02 -8.57142857e+01
   0.00000000e+00  7.63636364e+01  3.90475000e+03  1.57079633e+00
   0.00000000e+00]
 [ 3.47480227e+06 -4.09359043e-01 -4.30223661e-02 -1.00000000e+02
   0.00000000e+00  6.36363636e+01  3.89945833e+03  1.57079633e+00
   0.00000000e+00]
 [ 3.47480182e+06 -4.09343176e-01 -4.25860337e-02 -1.00000000e+02
   0.00000000e+00  5.09090909e+01  3.89416667e+03  1.57079633e+00
   0.00000000e+00]
 [ 3.47480136e+06 -4.09327309e-01 -4.21497014e-02 -7.50000000e+01
   0.00000000e+00  3.81818182e+01  3.88887500e+03  1.57079633e+00
   0.00000000e+00]
 [ 3.47480091e+06 -4.09311443e-01 -4.17133691e-02 -5.00000000e+01
   0.00000000e+00  2.54545455e+01  3.88358333e+03  1.57079633e+00
   0.00000000e+00]
 [ 3.47480045e+06 -4.09295576e-01 -4.12770368e-02 -2.50000000e+01
   0.00000000e+00  1.27272727e+01  3.87829167e+03  1.57079633e+00
   0.00000000e+00]
 [ 3.47480000e+06 -4.09279710e-01 -4.08407045e-02  0.00000000e+00
   0.00000000e+00  0.00000000e+00  3.87300000e+03  1.57079633e+00
   0.00000000e+00]]
Input Initial Guess: [[ 3.87779674e+04  7.77915523e-02 -8.34757126e-02]
 [ 1.55243238e+04  1.25774260e-01 -2.69004265e-02]
 [ 2.44170377e+04 -1.41839215e-02 -1.29093913e-01]
 [ 2.72209473e+04  2.07564054e-02  1.20797782e-01]
 [ 3.27152457e+04  3.71286750e-02  7.67921410e-02]
 [ 4.12428844e+04  4.37933320e-02  6.36453149e-02]
 [ 3.28138299e+04 -1.74344268e-01  6.04767248e-02]
 [ 1.85818028e+04  8.28915607e-02 -7.14856783e-02]
 [ 1.63544245e+04  5.51969956e-02 -9.64113545e-02]
 [ 2.31070608e+04 -1.02092519e-01 -1.39022745e-01]
 [ 4.30519846e+04  1.12754792e-01 -2.91709207e-03]
 [ 2.75088671e+04  1.36754688e-01  4.58669545e-02]
 [ 4.21181850e+04 -2.47492115e-02  1.74524225e-01]
 [ 4.23763293e+04 -1.02415192e-01  9.90818177e-03]
 [ 2.93460053e+04  8.21029817e-03 -1.21470940e-01]
 [ 2.14112113e+04  7.51470579e-02  1.28541155e-01]
 [ 1.01683271e+04  3.88191996e-03 -9.95790895e-02]
 [ 3.66444386e+04  4.00942727e-02 -1.35877902e-01]
 [ 7.10206335e+03 -6.70331652e-03  3.41153457e-02]
 [ 2.62185462e+04  2.89725627e-02 -1.01628009e-01]
 [ 9.23202567e+03  9.44925175e-03 -1.41144912e-01]
 [ 1.00124262e+04  4.71348623e-03 -1.35562162e-01]
 [ 2.26889384e+04 -5.90359637e-02 -3.58059817e-02]
 [ 3.62118148e+04 -1.63550971e-01  4.99572370e-02]
 [ 1.76703089e+04 -6.14805780e-02 -6.75919037e-02]]

 DIRCON cumulative error
[3.01855960e+14 1.32718672e+04 2.10067327e+02 1.06698646e+00
 2.38613835e-02 8.59894142e-03 2.71739838e+04 1.97935585e+05
 4.65513010e+03 7.73087056e+03 1.82910851e+03 6.23629339e+03]
----------------------------------------------------------------
DIRTREL cumulative error
[3.01855664e+14 1.32718528e+04 2.08673299e+02 3.89969362e+00
 2.31178641e-01 1.18739199e-02 2.95923563e+05 1.95760828e+05
 4.73911849e+03 4.99909538e+03 2.24024499e+03 3.60737394e+03]
----------------------------------------------------------------
error differences (positive means DIRCON error is higher, vice versa)
[ 2.96154956e+08  1.44257067e-02  1.39402797e+00 -2.83270715e+00
 -2.07317257e-01 -3.27497848e-03 -2.68749580e+05  2.17475700e+03
 -8.39883916e+01  2.73177518e+03 -4.11136472e+02  2.62891944e+03]