LOGGING SOLUTIONS... 
t_sol: 0.4351501635634059
r: [0.00000000e+00 0.00000000e+00 6.51419157e-01 1.02337215e+00
 1.01786038e+00 6.55479762e-01 7.47913678e-01 1.02199414e+00
 1.51229934e+00 1.50442507e+00 9.82449783e-01 6.23432009e-01
 3.61592696e-01 3.18513537e-01 2.05994634e-01 0.00000000e+00
 3.10600748e-01 8.15084864e-01 1.14833234e+00 1.67714118e+00
 1.71927212e+00 1.22711371e+00 7.05892180e-01 1.13682961e-03
 0.00000000e+00]
alpha: [-23.45       -23.4501443  -23.45014428 -23.45014423 -23.45014387
 -23.45014268 -23.45013764 -23.45012881 -23.45011564 -23.45010155
 -23.45008705 -23.45007121 -23.45005486 -23.45003883 -23.45002366
 -23.45001015 -23.45000121 -23.44999641 -23.44999402 -23.44999479
 -23.44999618 -23.44999766 -23.44999904 -23.44999995 -23.45      ]
beta: [-2.94       -2.94       -2.94       -2.93999999 -2.93999992 -2.9399996
 -2.93999789 -2.93999449 -2.93998877 -2.93998252 -2.93997595 -2.93996826
 -2.93996015 -2.34001992 -2.34001251 -2.34000606 -2.34000216 -2.34000027
 -2.3399993  -2.3399993  -2.33999948 -2.33999968 -2.33999987 -2.33999999
 -2.34      ]
Vx: [ 0.          0.73503414  1.47499537  0.42136065 -0.63351085 -0.42772668
  0.48914916  0.99702818  0.78910774 -0.82529879 -1.13799239 -0.70064107
 -0.33852325 -0.04748834 -0.54393606  0.02380426  1.17561002  0.89197886
  1.0347374   0.90402287 -0.71038424 -1.16461377 -1.61799852 -0.8131814
  0.        ]
Vy: [-5.20382630e-15 -5.72655792e-05  3.21009031e-03  2.25509276e-02
  6.67524485e-02  3.84929664e-01  9.60857084e-01  1.56902727e+00
  1.96160865e+00  1.96160864e+00  2.11579632e+00  2.26079778e+00
  2.27477603e+00  2.17742611e+00  2.04244655e+00  1.61561264e+00
  9.02417137e-01  5.05971590e-01  8.43327931e-02 -1.94333578e-01
 -1.94333576e-01 -2.12010343e-01 -1.76706582e-01 -4.55587895e-02
  0.00000000e+00]
Vz: [ 5.27619262e-17 -1.63195420e-06  2.48450743e-04  3.60729853e-03
  1.34522186e-02  1.18257456e-01  3.45786827e-01  6.47398605e-01
  8.71491756e-01  8.71491783e-01  9.96820231e-01  1.11762772e+00
  1.12896833e+00  1.06887532e+00  9.94040609e-01  7.43176195e-01
  3.69255052e-01  1.95787830e-01  5.49236221e-02 -2.50349300e-02
 -2.50349295e-02 -2.97554867e-02 -2.32854798e-02 -6.83328479e-03
  0.00000000e+00]
m: [4000.         3991.6318686  3983.26373721 3981.27174712 3979.27975703
 3972.71940307 3963.49989052 3955.63498467 3950.42923742 3950.42923742
 3945.79439785 3938.55251206 3931.61769504 3924.93211598 3920.98480814
 3913.17037424 3903.13227802 3898.26653429 3891.97208174 3886.73021101
 3886.73021101 3882.7116878  3878.69316458 3870.32503318 3861.95690179]
phi: [ 90.          90.00279304  89.50223246  86.82312803  82.47162639
  78.12012476  73.76862312  71.74254061  74.06795974  78.41946138
  82.77096301  87.12246465  91.47396628  95.82546792 100.17696955
 104.52847119 107.86957331 106.8591738  102.50767217  98.15617053
  93.80466889  89.45316726  86.4629574   87.82424918  90.        ]
psi: [ 0.          2.17575082  6.52725245 10.87875409 15.23025572 19.58175736
 23.933259   28.28476063 32.63626227 36.9877639  39.8926474  38.44602926
 34.09452762 29.74302598 29.74302598 29.74302598 25.39152435 21.04002271
 16.68852108 16.68852108 16.68852108 12.33701944  7.98551781  7.98551781
 10.16126862]
T: [ 0.00000000e+00  4.31480000e+04  0.00000000e+00  1.02711566e+04
  0.00000000e+00  3.38266859e+04  1.37112301e+04  2.68420238e+04
  0.00000000e+00  0.00000000e+00  2.38982932e+04  1.34425267e+04
  2.23149764e+04  1.21573988e+04  8.19582354e+03  3.20971855e+04
  1.96615352e+04  5.42735266e+03  2.70282848e+04  0.00000000e+00
 -6.42714060e-10  2.07204251e+04  0.00000000e+00  4.31480000e+04
  0.00000000e+00]
w_phi: [  0.           0.01283732  -2.313471   -10.         -10.
 -10.         -10.           0.6878924   10.          10.
  10.          10.          10.          10.          10.
  10.           5.35608861 -10.         -10.         -10.
 -10.         -10.          -3.74334734  10.           0.        ]
w_psi: [  0.          10.          10.          10.          10.
  10.          10.          10.          10.          10.
   3.35117771 -10.         -10.         -10.          10.
 -10.         -10.         -10.         -10.          10.
 -10.         -10.         -10.          10.           0.        ]
LOGGING INITIAL GUESSES...
Time Initial Guess: 1
State Initial Guess: [[ 3.47480000e+06 -4.09279710e-01 -5.13126800e-02  0.00000000e+00
   0.00000000e+00  0.00000000e+00  4.00000000e+03  1.57079633e+00
   0.00000000e+00]
 [ 3.47480050e+06 -4.09308798e-01 -5.08763477e-02  2.50000000e+01
   0.00000000e+00  1.25000000e+01  3.99470833e+03  1.57079633e+00
   0.00000000e+00]
 [ 3.47480100e+06 -4.09337887e-01 -5.04400154e-02  5.00000000e+01
   0.00000000e+00  2.50000000e+01  3.98941667e+03  1.57079633e+00
   0.00000000e+00]
 [ 3.47480150e+06 -4.09366976e-01 -5.00036831e-02  7.50000000e+01
   0.00000000e+00  3.75000000e+01  3.98412500e+03  1.57079633e+00
   0.00000000e+00]
 [ 3.47480200e+06 -4.09396065e-01 -4.95673508e-02  1.00000000e+02
   0.00000000e+00  5.00000000e+01  3.97883333e+03  1.57079633e+00
   0.00000000e+00]
 [ 3.47480250e+06 -4.09425154e-01 -4.91310184e-02  1.00000000e+02
   0.00000000e+00  6.25000000e+01  3.97354167e+03  1.57079633e+00
   0.00000000e+00]
 [ 3.47480300e+06 -4.09454243e-01 -4.86946861e-02  8.57142857e+01
   0.00000000e+00  7.50000000e+01  3.96825000e+03  1.57079633e+00
   0.00000000e+00]
 [ 3.47480350e+06 -4.09483331e-01 -4.82583538e-02  7.14285714e+01
   0.00000000e+00  8.75000000e+01  3.96295833e+03  1.57079633e+00
   0.00000000e+00]
 [ 3.47480400e+06 -4.09512420e-01 -4.78220215e-02  5.71428571e+01
   0.00000000e+00  1.00000000e+02  3.95766667e+03  1.57079633e+00
   0.00000000e+00]
 [ 3.47480450e+06 -4.09541509e-01 -4.73856892e-02  4.28571429e+01
   0.00000000e+00  1.12500000e+02  3.95237500e+03  1.57079633e+00
   0.00000000e+00]
 [ 3.47480500e+06 -4.09570598e-01 -4.69493569e-02  2.85714286e+01
   0.00000000e+00  1.25000000e+02  3.94708333e+03  1.57079633e+00
   0.00000000e+00]
 [ 3.47480550e+06 -4.09599687e-01 -4.65130246e-02  1.42857143e+01
   0.00000000e+00  1.37500000e+02  3.94179167e+03  1.57079633e+00
   0.00000000e+00]
 [ 3.47480600e+06 -4.09628775e-01 -4.60766923e-02  0.00000000e+00
   0.00000000e+00  1.50000000e+02  3.93650000e+03  1.57079633e+00
   0.00000000e+00]
 [ 3.47480500e+06 -4.09454243e-01 -4.56403599e-02 -1.42857143e+01
   0.00000000e+00  1.40000000e+02  3.93120833e+03  1.57079633e+00
   0.00000000e+00]
 [ 3.47480455e+06 -4.09438376e-01 -4.52040276e-02 -2.85714286e+01
   0.00000000e+00  1.27272727e+02  3.92591667e+03  1.57079633e+00
   0.00000000e+00]
 [ 3.47480409e+06 -4.09422509e-01 -4.47676953e-02 -4.28571429e+01
   0.00000000e+00  1.14545455e+02  3.92062500e+03  1.57079633e+00
   0.00000000e+00]
 [ 3.47480364e+06 -4.09406643e-01 -4.43313630e-02 -5.71428571e+01
   0.00000000e+00  1.01818182e+02  3.91533333e+03  1.57079633e+00
   0.00000000e+00]
 [ 3.47480318e+06 -4.09390776e-01 -4.38950307e-02 -7.14285714e+01
   0.00000000e+00  8.90909091e+01  3.91004167e+03  1.57079633e+00
   0.00000000e+00]
 [ 3.47480273e+06 -4.09374909e-01 -4.34586984e-02 -8.57142857e+01
   0.00000000e+00  7.63636364e+01  3.90475000e+03  1.57079633e+00
   0.00000000e+00]
 [ 3.47480227e+06 -4.09359043e-01 -4.30223661e-02 -1.00000000e+02
   0.00000000e+00  6.36363636e+01  3.89945833e+03  1.57079633e+00
   0.00000000e+00]
 [ 3.47480182e+06 -4.09343176e-01 -4.25860337e-02 -1.00000000e+02
   0.00000000e+00  5.09090909e+01  3.89416667e+03  1.57079633e+00
   0.00000000e+00]
 [ 3.47480136e+06 -4.09327309e-01 -4.21497014e-02 -7.50000000e+01
   0.00000000e+00  3.81818182e+01  3.88887500e+03  1.57079633e+00
   0.00000000e+00]
 [ 3.47480091e+06 -4.09311443e-01 -4.17133691e-02 -5.00000000e+01
   0.00000000e+00  2.54545455e+01  3.88358333e+03  1.57079633e+00
   0.00000000e+00]
 [ 3.47480045e+06 -4.09295576e-01 -4.12770368e-02 -2.50000000e+01
   0.00000000e+00  1.27272727e+01  3.87829167e+03  1.57079633e+00
   0.00000000e+00]
 [ 3.47480000e+06 -4.09279710e-01 -4.08407045e-02  0.00000000e+00
   0.00000000e+00  0.00000000e+00  3.87300000e+03  1.57079633e+00
   0.00000000e+00]]
Input Initial Guess: [[ 1.15149260e+04  9.88116163e-02 -1.65324564e-01]
 [ 2.22664987e+04 -1.33450159e-01 -1.49960792e-01]
 [ 3.45541423e+04 -4.85715626e-02  4.34848251e-02]
 [ 1.08210952e+04 -8.86937603e-02  8.96095526e-02]
 [ 2.33874108e+04  1.62407242e-01 -1.34939018e-02]
 [ 3.38266859e+04 -1.58597892e-01  1.03040630e-01]
 [ 1.37112301e+04 -1.13365308e-02  1.57666126e-01]
 [ 2.68420238e+04  4.01260156e-02  1.46896698e-01]
 [ 1.85396771e+04  9.86661387e-03 -1.63766340e-01]
 [ 3.86712545e+04 -5.86522207e-02 -4.62405025e-03]
 [ 2.38982932e+04  1.73912729e-01  1.57782777e-01]
 [ 1.34425267e+04  1.25509421e-01  8.28498860e-02]
 [ 2.23149764e+04 -1.65789520e-01 -1.00429502e-01]
 [ 1.21573988e+04 -1.06451042e-01  6.65355242e-02]
 [ 8.19582354e+03 -2.66129760e-02  2.20347191e-02]
 [ 3.20971855e+04 -9.85712689e-02  9.95834952e-02]
 [ 1.96615352e+04 -8.57983566e-02 -8.55718188e-02]
 [ 5.42735266e+03 -1.03415351e-01  1.53928051e-01]
 [ 2.70282848e+04 -1.62983945e-01 -1.43341276e-01]
 [ 3.96306505e+04  1.81695509e-02 -1.51873318e-01]
 [ 2.07677740e+04  5.28057304e-02 -1.01383468e-01]
 [ 3.62024137e+04  1.37004246e-01  1.67545966e-01]
 [ 2.25783491e+04 -1.66155111e-02 -1.73388764e-01]
 [ 1.22649224e+04 -7.77220435e-02 -8.37699025e-02]
 [ 4.05884115e+04  1.60985323e-01  7.32147004e-03]]