LOGGING SOLUTIONS... 
t_sol: 0.6497442720989047
r: [ 0.          0.          1.68310329  3.70060423  5.51584838  7.12728356
  8.53343405  9.73275855 10.7237105  11.50464913 12.07395462 12.42993624
 12.57094918 12.49537712 12.2016061  11.68786818 10.95232248  9.99315544
  8.80864458  7.39699124  5.75636663  3.88493705  1.78080304  0.
  0.        ]
alpha: [-23.45       -23.45       -23.45       -23.44999999 -23.44999998
 -23.44999997 -23.44999996 -23.44999995 -23.44999994 -23.44999993
 -23.44999993 -23.44999992 -23.44999992 -23.44999992 -23.44999992
 -23.44999992 -23.44999992 -23.45000002 -23.45000002 -23.45000001
 -23.45000001 -23.45000001 -23.45       -23.45       -23.45      ]
beta: [-2.94       -2.34000001 -2.34000001 -2.34000001 -2.34000002 -2.34000002
 -2.34000002 -2.34000002 -2.34000002 -2.34000002 -2.34000002 -2.34000002
 -2.34000002 -2.34000001 -2.34       -2.34       -2.33999999 -2.33999999
 -2.33999999 -2.33999999 -2.33999999 -2.33999999 -2.34       -2.34
 -2.34      ]
Vx: [ 0.          1.09933071  3.25994968  2.94981808  2.63733298  2.32251777
  2.00539592  1.68590074  1.36394801  1.03948246  0.71247077  0.3828712
  0.0507683  -0.28379064 -0.62093713 -0.9608921  -1.30368825 -1.64918443
 -1.99736615 -2.34836332 -2.7021618  -3.05885017 -3.41841425 -1.20236916
  0.        ]
Vy: [0.00000000e+00 1.16674581e-04 5.72688994e-04 7.77064644e-04
 9.18195450e-04 9.35496926e-04 8.79223289e-04 8.68802523e-04
 8.08511546e-04 6.88262292e-04 5.29246172e-04 3.48692123e-04
 2.01112056e-04 5.42307503e-05 5.48756853e-05 2.54814447e-05
 6.73729647e-05 1.68575219e-04 2.45950200e-04 2.95997271e-04
 3.43214351e-04 3.71416808e-04 3.06075438e-04 6.27248931e-05
 0.00000000e+00]
Vz: [ 1.77046757e-13 -4.96736896e-06 -5.47477404e-05 -1.01384208e-04
 -1.50389041e-04 -1.57359879e-04 -1.24214448e-04 -1.18423905e-04
 -7.89786700e-05  1.11012049e-05  1.21066371e-04  2.67072480e-04
  4.17737008e-04  6.03317110e-04  6.00647180e-04  6.63744966e-04
  5.28247344e-04  1.25814307e-04 -1.11535725e-04 -2.20109202e-04
 -2.97347616e-04 -3.34946469e-04 -2.70310344e-04 -5.85883404e-05
 -1.70868778e-13]
m: [4000.         3987.50512835 3971.29065906 3963.8623507  3956.45623703
 3949.07216326 3941.70997504 3934.36983526 3927.05196662 3919.75648878
 3912.48344367 3905.23290202 3898.00449493 3890.79798516 3883.61375603
 3876.45249662 3869.31424154 3862.19842628 3855.10492575 3848.03411057
 3840.98585525 3833.96038601 3826.95757663 3811.20764699 3798.95357693]
phi: [90.         89.99618955 89.99343372 89.99491409 89.99750138 90.00130965
 90.0010967  90.00064607 90.0032316  90.00474182 90.00613422 90.00586242
 90.00705789 90.00296088 90.00048643 90.00065819 89.99086382 89.98954668
 89.99559047 89.99729311 89.99768495 90.00046451 90.00423085 90.00272505
 90.        ]
psi: [  0.          -3.24872136  -9.74616408 -16.2436068  -22.74104952
 -29.23849224 -29.23849224 -29.23849224 -35.73593497 -35.73593497
 -35.73593497 -42.23337769 -48.73082041 -55.22826313 -61.72570585
 -68.22314857 -74.72059129 -74.72059129 -68.22314857 -61.72570585
 -55.22826313 -48.73082041 -42.23337769 -42.23337769 -45.48209905]
T: [    0.         43148.         12844.72568869 12807.13036893
 12768.08171265 12731.02095196 12692.50530937 12654.88200049
 12615.59736113 12577.56077683 12538.13144464 12499.85049591
 12461.6951498  12424.23344994 12384.75435765 12344.91310836
 12305.31450625 12267.42263359 12228.25604317 12189.08428069
 12150.35104919 12110.39808214 12072.10074954 42316.45025875
     0.        ]
w_phi: [ 0.         -0.01172905  0.00324626  0.00131047  0.00665353  0.00506888
 -0.00572442  0.0043373   0.00362134  0.00102736  0.00325865 -0.00409527
  0.00777514 -0.02038635  0.01276968 -0.01224089 -0.01790768  0.01385335
  0.00475037  0.00049058  0.00071549  0.00784032  0.00375296 -0.00838801
  0.        ]
w_psi: [  0. -10. -10. -10. -10. -10.  10. -10. -10.  10. -10. -10. -10. -10.
 -10. -10. -10.  10.  10.  10.  10.  10.  10. -10.   0.]
LOGGING INITIAL GUESSES...
Time Initial Guess: 1
State Initial Guess: [[ 3.47480000e+06 -4.09279710e-01 -5.13126800e-02  0.00000000e+00
   0.00000000e+00  0.00000000e+00  4.00000000e+03  1.57079633e+00
   0.00000000e+00]
 [ 3.47480050e+06 -4.09308798e-01 -5.08763477e-02  2.50000000e+01
   0.00000000e+00  1.25000000e+01  3.99470833e+03  1.57079633e+00
   0.00000000e+00]
 [ 3.47480100e+06 -4.09337887e-01 -5.04400154e-02  5.00000000e+01
   0.00000000e+00  2.50000000e+01  3.98941667e+03  1.57079633e+00
   0.00000000e+00]
 [ 3.47480150e+06 -4.09366976e-01 -5.00036831e-02  7.50000000e+01
   0.00000000e+00  3.75000000e+01  3.98412500e+03  1.57079633e+00
   0.00000000e+00]
 [ 3.47480200e+06 -4.09396065e-01 -4.95673508e-02  1.00000000e+02
   0.00000000e+00  5.00000000e+01  3.97883333e+03  1.57079633e+00
   0.00000000e+00]
 [ 3.47480250e+06 -4.09425154e-01 -4.91310184e-02  1.00000000e+02
   0.00000000e+00  6.25000000e+01  3.97354167e+03  1.57079633e+00
   0.00000000e+00]
 [ 3.47480300e+06 -4.09454243e-01 -4.86946861e-02  8.57142857e+01
   0.00000000e+00  7.50000000e+01  3.96825000e+03  1.57079633e+00
   0.00000000e+00]
 [ 3.47480350e+06 -4.09483331e-01 -4.82583538e-02  7.14285714e+01
   0.00000000e+00  8.75000000e+01  3.96295833e+03  1.57079633e+00
   0.00000000e+00]
 [ 3.47480400e+06 -4.09512420e-01 -4.78220215e-02  5.71428571e+01
   0.00000000e+00  1.00000000e+02  3.95766667e+03  1.57079633e+00
   0.00000000e+00]
 [ 3.47480450e+06 -4.09541509e-01 -4.73856892e-02  4.28571429e+01
   0.00000000e+00  1.12500000e+02  3.95237500e+03  1.57079633e+00
   0.00000000e+00]
 [ 3.47480500e+06 -4.09570598e-01 -4.69493569e-02  2.85714286e+01
   0.00000000e+00  1.25000000e+02  3.94708333e+03  1.57079633e+00
   0.00000000e+00]
 [ 3.47480550e+06 -4.09599687e-01 -4.65130246e-02  1.42857143e+01
   0.00000000e+00  1.37500000e+02  3.94179167e+03  1.57079633e+00
   0.00000000e+00]
 [ 3.47480600e+06 -4.09628775e-01 -4.60766923e-02  0.00000000e+00
   0.00000000e+00  1.50000000e+02  3.93650000e+03  1.57079633e+00
   0.00000000e+00]
 [ 3.47480500e+06 -4.09454243e-01 -4.56403599e-02 -1.42857143e+01
   0.00000000e+00  1.40000000e+02  3.93120833e+03  1.57079633e+00
   0.00000000e+00]
 [ 3.47480455e+06 -4.09438376e-01 -4.52040276e-02 -2.85714286e+01
   0.00000000e+00  1.27272727e+02  3.92591667e+03  1.57079633e+00
   0.00000000e+00]
 [ 3.47480409e+06 -4.09422509e-01 -4.47676953e-02 -4.28571429e+01
   0.00000000e+00  1.14545455e+02  3.92062500e+03  1.57079633e+00
   0.00000000e+00]
 [ 3.47480364e+06 -4.09406643e-01 -4.43313630e-02 -5.71428571e+01
   0.00000000e+00  1.01818182e+02  3.91533333e+03  1.57079633e+00
   0.00000000e+00]
 [ 3.47480318e+06 -4.09390776e-01 -4.38950307e-02 -7.14285714e+01
   0.00000000e+00  8.90909091e+01  3.91004167e+03  1.57079633e+00
   0.00000000e+00]
 [ 3.47480273e+06 -4.09374909e-01 -4.34586984e-02 -8.57142857e+01
   0.00000000e+00  7.63636364e+01  3.90475000e+03  1.57079633e+00
   0.00000000e+00]
 [ 3.47480227e+06 -4.09359043e-01 -4.30223661e-02 -1.00000000e+02
   0.00000000e+00  6.36363636e+01  3.89945833e+03  1.57079633e+00
   0.00000000e+00]
 [ 3.47480182e+06 -4.09343176e-01 -4.25860337e-02 -1.00000000e+02
   0.00000000e+00  5.09090909e+01  3.89416667e+03  1.57079633e+00
   0.00000000e+00]
 [ 3.47480136e+06 -4.09327309e-01 -4.21497014e-02 -7.50000000e+01
   0.00000000e+00  3.81818182e+01  3.88887500e+03  1.57079633e+00
   0.00000000e+00]
 [ 3.47480091e+06 -4.09311443e-01 -4.17133691e-02 -5.00000000e+01
   0.00000000e+00  2.54545455e+01  3.88358333e+03  1.57079633e+00
   0.00000000e+00]
 [ 3.47480045e+06 -4.09295576e-01 -4.12770368e-02 -2.50000000e+01
   0.00000000e+00  1.27272727e+01  3.87829167e+03  1.57079633e+00
   0.00000000e+00]
 [ 3.47480000e+06 -4.09279710e-01 -4.08407045e-02  0.00000000e+00
   0.00000000e+00  0.00000000e+00  3.87300000e+03  1.57079633e+00
   0.00000000e+00]]
Input Initial Guess: [[ 1.18467994e+04  2.21172788e-02 -1.50522081e-01]
 [ 2.20813080e+04  1.18327295e-01  1.70054161e-01]
 [ 2.41685593e+04 -9.14317153e-02 -1.69491939e-01]
 [ 9.67704110e+03  8.41903487e-02 -3.32017693e-02]
 [ 3.73321026e+04 -1.53673348e-01 -1.21465681e-01]
 [ 1.73095727e+04  1.40214629e-01 -1.46607234e-01]
 [ 2.13455786e+04  8.14020436e-02 -1.29404750e-01]
 [ 2.44939445e+04 -7.61204026e-02  1.03097268e-01]
 [ 1.98297972e+04  1.38841970e-02 -8.65831386e-02]
 [ 3.00273400e+04 -1.36133887e-01 -1.66051801e-01]
 [ 4.26516965e+04 -1.53301350e-01 -1.21553587e-01]
 [ 1.45594322e+04  9.04191893e-02  9.39399836e-02]
 [ 2.53392293e+04 -1.74278635e-01  1.26010187e-01]
 [ 2.14175300e+04  7.91870654e-02  8.52683800e-02]
 [ 3.86815170e+04 -1.22878707e-02  1.45078107e-01]
 [ 4.04837280e+04 -6.57042690e-02  1.10284366e-01]
 [ 2.78260860e+04  1.45490236e-02 -1.17021696e-01]
 [ 3.93331839e+04 -5.74587891e-02  1.01542727e-01]
 [ 1.93938930e+04  2.98539767e-04 -8.75242574e-02]
 [ 5.97813122e+03 -9.92750284e-02 -3.55577994e-02]
 [ 1.31917628e+04 -1.60840815e-01 -3.77574968e-02]
 [ 1.55884007e+04 -2.35302990e-02 -1.25582663e-01]
 [ 6.67820200e+03  1.72348370e-01 -1.00992312e-01]
 [ 5.21657723e+03  6.88566106e-02 -6.73908101e-02]
 [ 1.72655886e+04 -9.90561866e-02 -1.58606861e-01]]