LOGGING SOLUTIONS... 
t_sol: 0.45096969203225307
r: [0.00000000e+00 0.00000000e+00 8.09530882e-01 1.78042959e+00
 2.65456888e+00 3.43076395e+00 4.10800816e+00 4.68551428e+00
 5.16267571e+00 5.53900511e+00 5.81405406e+00 5.98731965e+00
 6.05814686e+00 6.02565610e+00 5.88875423e+00 5.64614299e+00
 5.29637370e+00 4.83792887e+00 4.26930992e+00 3.58910579e+00
 2.79606025e+00 1.88912036e+00 8.67449506e-01 1.48491608e-03
 0.00000000e+00]
alpha: [-23.45       -23.45       -23.45       -23.45000001 -23.45000003
 -23.45000005 -23.45000007 -23.45000009 -23.45000011 -23.45000013
 -23.45000015 -23.45000017 -23.45000019 -23.4500002  -23.45000021
 -23.45000021 -23.45000021 -23.45000021 -23.4500002  -23.45000019
 -23.45000018 -23.45000001 -23.45000001 -23.45       -23.45      ]
beta: [-2.94       -2.94       -2.94       -2.94       -2.94       -2.94
 -2.94       -2.94       -2.94       -2.94000001 -2.94000001 -2.94
 -2.94       -2.94       -2.93999999 -2.93999998 -2.93999997 -2.93999996
 -2.93999994 -2.93999993 -2.34000004 -2.34000003 -2.34000001 -2.34
 -2.34      ]
Vx: [ 0.00000000e+00  7.61848496e-01  2.25932253e+00  2.04607647e+00
  1.83017630e+00  1.61179010e+00  1.39142366e+00  1.16953082e+00
  9.46451507e-01  7.22367310e-01  4.97264167e-01  2.70913019e-01
  4.28699035e-02 -1.87365889e-01 -4.20262391e-01 -6.56231709e-01
 -8.95522595e-01 -1.13818638e+00 -1.38410087e+00 -1.63299549e+00
 -1.88446259e+00 -2.13802114e+00 -2.39321133e+00 -8.45014649e-01
 -1.33824388e-13]
Vy: [ 0.00000000e+00 -6.76914189e-05 -6.79035875e-04 -1.72992282e-03
 -2.34508796e-03 -2.77526431e-03 -2.98071008e-03 -3.03510969e-03
 -2.95902806e-03 -2.76985544e-03 -2.53892199e-03 -2.26476323e-03
 -1.91650741e-03 -1.42195885e-03 -8.10164165e-04 -1.68023286e-04
  3.99784224e-04  8.61955358e-04  1.20070917e-03  1.40206074e-03
  1.44461899e-03  1.32315686e-03  1.10730299e-03  2.50792599e-04
  6.96977000e-15]
Vz: [-2.51020460e-13 -1.47398540e-06 -2.30306294e-05 -2.76515730e-05
 -6.03477494e-05 -1.18652034e-04 -1.62154277e-04 -1.77755649e-04
 -1.46968414e-04 -5.45605273e-05  8.12228807e-05  2.61940705e-04
  4.65255288e-04  7.04060185e-04  9.62054188e-04  1.27345677e-03
  1.60572408e-03  1.92718798e-03  2.20426813e-03  2.39649587e-03
  2.44177774e-03  2.27906078e-03  1.93586936e-03  4.19577081e-04
  0.00000000e+00]
m: [4000.         3991.32765203 3980.06346034 3974.88769093 3969.72804465
 3964.58388158 3959.45337367 3954.33488537 3949.22719052 3944.12962591
 3939.04221874 3933.9657499  3928.90174878 3923.85193525 3918.81790625
 3913.80105544 3908.80220025 3903.82146675 3898.85837729 3893.91194153
 3888.98069889 3884.06294204 3879.15704561 3868.03452854 3859.36218056]
phi: [90.         90.00318483 90.03114017 90.03669217 90.01851193 90.01324208
 90.00467518 89.99961139 89.99385014 89.99027479 89.9882599  89.98586113
 89.98129924 89.9755171  89.97193954 89.97209609 89.9754107  89.97971047
 89.9853644  89.99251119 90.00348137 90.01065034 90.02767821 90.02225919
 90.        ]
psi: [ 0.          1.66261179  1.07037511  1.07037511  5.58007203 10.08976895
 14.59946587 19.10916279 23.61885971 28.12855663 32.63825356 32.63825356
 28.12855663 23.61885971 23.61885971 28.12855663 32.63825356 37.14795048
 41.6576474  46.16734432 50.67704124 55.18673816 59.69643508 59.69643508
 57.44158662]
T: [    0.         43148.         12895.33961866 12855.94475963
 12815.12130039 12778.91029241 12747.18205548 12719.10848872
 12693.48083642 12668.70694511 12642.94394324 12614.28492144
 12580.91263204 12543.69662914 12502.37903922 12458.22899309
 12412.84452462 12368.06714286 12325.0591818  12285.20906172
 12249.46806869 12218.11249694 12190.45827579 43148.
     0.        ]
w_phi: [ 0.          0.01412437  0.10985444 -0.08523195  0.00460462 -0.0279758
 -0.01001745 -0.01243984 -0.01311071 -0.0027456  -0.00619019 -0.00444807
 -0.01578341 -0.00985974 -0.00600634  0.0067006   0.00799936  0.01106965
  0.01400489  0.01769031  0.03096127  0.00083225  0.0746844  -0.09871705
  0.        ]
w_psi: [  0.           7.37349678 -10.          10.          10.
  10.          10.          10.          10.          10.
  10.         -10.         -10.         -10.          10.
  10.          10.          10.          10.          10.
  10.          10.          10.         -10.           0.        ]
LOGGING INITIAL GUESSES...
Time Initial Guess: 1
State Initial Guess: [[ 3.47480000e+06 -4.09279710e-01 -5.13126800e-02  0.00000000e+00
   0.00000000e+00  0.00000000e+00  4.00000000e+03  1.57079633e+00
   0.00000000e+00]
 [ 3.47480050e+06 -4.09308798e-01 -5.08763477e-02  2.50000000e+01
   0.00000000e+00  1.25000000e+01  3.99470833e+03  1.57079633e+00
   0.00000000e+00]
 [ 3.47480100e+06 -4.09337887e-01 -5.04400154e-02  5.00000000e+01
   0.00000000e+00  2.50000000e+01  3.98941667e+03  1.57079633e+00
   0.00000000e+00]
 [ 3.47480150e+06 -4.09366976e-01 -5.00036831e-02  7.50000000e+01
   0.00000000e+00  3.75000000e+01  3.98412500e+03  1.57079633e+00
   0.00000000e+00]
 [ 3.47480200e+06 -4.09396065e-01 -4.95673508e-02  1.00000000e+02
   0.00000000e+00  5.00000000e+01  3.97883333e+03  1.57079633e+00
   0.00000000e+00]
 [ 3.47480250e+06 -4.09425154e-01 -4.91310184e-02  1.00000000e+02
   0.00000000e+00  6.25000000e+01  3.97354167e+03  1.57079633e+00
   0.00000000e+00]
 [ 3.47480300e+06 -4.09454243e-01 -4.86946861e-02  8.57142857e+01
   0.00000000e+00  7.50000000e+01  3.96825000e+03  1.57079633e+00
   0.00000000e+00]
 [ 3.47480350e+06 -4.09483331e-01 -4.82583538e-02  7.14285714e+01
   0.00000000e+00  8.75000000e+01  3.96295833e+03  1.57079633e+00
   0.00000000e+00]
 [ 3.47480400e+06 -4.09512420e-01 -4.78220215e-02  5.71428571e+01
   0.00000000e+00  1.00000000e+02  3.95766667e+03  1.57079633e+00
   0.00000000e+00]
 [ 3.47480450e+06 -4.09541509e-01 -4.73856892e-02  4.28571429e+01
   0.00000000e+00  1.12500000e+02  3.95237500e+03  1.57079633e+00
   0.00000000e+00]
 [ 3.47480500e+06 -4.09570598e-01 -4.69493569e-02  2.85714286e+01
   0.00000000e+00  1.25000000e+02  3.94708333e+03  1.57079633e+00
   0.00000000e+00]
 [ 3.47480550e+06 -4.09599687e-01 -4.65130246e-02  1.42857143e+01
   0.00000000e+00  1.37500000e+02  3.94179167e+03  1.57079633e+00
   0.00000000e+00]
 [ 3.47480600e+06 -4.09628775e-01 -4.60766923e-02  0.00000000e+00
   0.00000000e+00  1.50000000e+02  3.93650000e+03  1.57079633e+00
   0.00000000e+00]
 [ 3.47480500e+06 -4.09454243e-01 -4.56403599e-02 -1.42857143e+01
   0.00000000e+00  1.40000000e+02  3.93120833e+03  1.57079633e+00
   0.00000000e+00]
 [ 3.47480455e+06 -4.09438376e-01 -4.52040276e-02 -2.85714286e+01
   0.00000000e+00  1.27272727e+02  3.92591667e+03  1.57079633e+00
   0.00000000e+00]
 [ 3.47480409e+06 -4.09422509e-01 -4.47676953e-02 -4.28571429e+01
   0.00000000e+00  1.14545455e+02  3.92062500e+03  1.57079633e+00
   0.00000000e+00]
 [ 3.47480364e+06 -4.09406643e-01 -4.43313630e-02 -5.71428571e+01
   0.00000000e+00  1.01818182e+02  3.91533333e+03  1.57079633e+00
   0.00000000e+00]
 [ 3.47480318e+06 -4.09390776e-01 -4.38950307e-02 -7.14285714e+01
   0.00000000e+00  8.90909091e+01  3.91004167e+03  1.57079633e+00
   0.00000000e+00]
 [ 3.47480273e+06 -4.09374909e-01 -4.34586984e-02 -8.57142857e+01
   0.00000000e+00  7.63636364e+01  3.90475000e+03  1.57079633e+00
   0.00000000e+00]
 [ 3.47480227e+06 -4.09359043e-01 -4.30223661e-02 -1.00000000e+02
   0.00000000e+00  6.36363636e+01  3.89945833e+03  1.57079633e+00
   0.00000000e+00]
 [ 3.47480182e+06 -4.09343176e-01 -4.25860337e-02 -1.00000000e+02
   0.00000000e+00  5.09090909e+01  3.89416667e+03  1.57079633e+00
   0.00000000e+00]
 [ 3.47480136e+06 -4.09327309e-01 -4.21497014e-02 -7.50000000e+01
   0.00000000e+00  3.81818182e+01  3.88887500e+03  1.57079633e+00
   0.00000000e+00]
 [ 3.47480091e+06 -4.09311443e-01 -4.17133691e-02 -5.00000000e+01
   0.00000000e+00  2.54545455e+01  3.88358333e+03  1.57079633e+00
   0.00000000e+00]
 [ 3.47480045e+06 -4.09295576e-01 -4.12770368e-02 -2.50000000e+01
   0.00000000e+00  1.27272727e+01  3.87829167e+03  1.57079633e+00
   0.00000000e+00]
 [ 3.47480000e+06 -4.09279710e-01 -4.08407045e-02  0.00000000e+00
   0.00000000e+00  0.00000000e+00  3.87300000e+03  1.57079633e+00
   0.00000000e+00]]
Input Initial Guess: [[ 1.18467994e+04  2.21172788e-02 -1.50522081e-01]
 [ 2.20813080e+04  1.18327295e-01  1.70054161e-01]
 [ 2.41685593e+04 -9.14317153e-02 -1.69491939e-01]
 [ 9.67704110e+03  8.41903487e-02 -3.32017693e-02]
 [ 3.73321026e+04 -1.53673348e-01 -1.21465681e-01]
 [ 1.73095727e+04  1.40214629e-01 -1.46607234e-01]
 [ 2.13455786e+04  8.14020436e-02 -1.29404750e-01]
 [ 2.44939445e+04 -7.61204026e-02  1.03097268e-01]
 [ 1.98297972e+04  1.38841970e-02 -8.65831386e-02]
 [ 3.00273400e+04 -1.36133887e-01 -1.66051801e-01]
 [ 4.26516965e+04 -1.53301350e-01 -1.21553587e-01]
 [ 1.45594322e+04  9.04191893e-02  9.39399836e-02]
 [ 2.53392293e+04 -1.74278635e-01  1.26010187e-01]
 [ 2.14175300e+04  7.91870654e-02  8.52683800e-02]
 [ 3.86815170e+04 -1.22878707e-02  1.45078107e-01]
 [ 4.04837280e+04 -6.57042690e-02  1.10284366e-01]
 [ 2.78260860e+04  1.45490236e-02 -1.17021696e-01]
 [ 3.93331839e+04 -5.74587891e-02  1.01542727e-01]
 [ 1.93938930e+04  2.98539767e-04 -8.75242574e-02]
 [ 5.97813122e+03 -9.92750284e-02 -3.55577994e-02]
 [ 1.31917628e+04 -1.60840815e-01 -3.77574968e-02]
 [ 1.55884007e+04 -2.35302990e-02 -1.25582663e-01]
 [ 6.67820200e+03  1.72348370e-01 -1.00992312e-01]
 [ 5.21657723e+03  6.88566106e-02 -6.73908101e-02]
 [ 1.72655886e+04 -9.90561866e-02 -1.58606861e-01]]